200
5 20
91 55 65 43 22 8 63 50 56 22 51 61 48 17 71 28 31 37 56 23
96 26 16 1 68 11 39 14 100 95 2 13 87 73 57 19 5 6 57 30
44 54 99 62 51 99 72 61 93 23 70 48 45 62 24 25 96 67 63 12
59 63 9 39 80 36 42 41 44 36 53 32 91 35 16 9 80 27 37 53
71 87 35 95 100 35 89 85 62 66 70 14 10 47 81 65 59 46 7 43
20 19
211 191 369 337 62 147 198 44 138 283 276 333 49 238 270 359 78 156 173
379 100 20 132 131 78 160 360 92 256 115 372 330 117 251 237 163 350 282
325 307 198 191 2 320 222 155 249 150 220 247 324 220 377 162 378 89 150
307 111 178 217 63 137 361 349 261 197 246 270 219 222 190 233 67 47 21
333 111 272 215 379 206 377 311 18 259 75 155 263 359 212 207 303 377 170
116 55 213 87 55 284 223 80 235 369 80 44 320 66 223 140 105 99 340
266 281 86 333 83 292 250 179 71 141 264 231 223 152 304 174 37 199 234
224 220 178 144 272 233 253 173 153 296 195 267 13 297 14 332 215 203 129
6 20 255 274 10 203 141 299 76 181 53 81 90 355 93 149 23 255 3
239 6 251 369 14 292 38 232 178 330 13 342 212 224 290 182 91 104 359
147 264 343 305 212 232 91 277 183 378 113 232 96 56 186 64 209 140 29
50 36 316 268 7 49 167 248 60 266 55 302 341 218 296 96 119 310 255
314 20 307 324 171 176 273 326 52 123 279 280 99 330 113 301 252 25 179
126 209 170 73 88 116 155 157 209 4 258 331 39 365 342 60 140 169 214
197 114 355 338 220 226 194 242 259 373 167 323 153 107 276 281 189 280 351
359 368 46 7 239 135 76 213 237 7 44 14 315 374 107 33 40 147 235
57 161 26 372 282 69 281 224 301 177 75 240 297 40 108 103 164 77 90
125 215 71 375 10 147 251 347 187 269 168 297 298 265 128 341 217 36 83
78 156 287 233 123 32 4 266 348 53 16 165 175 292 258 231 308 58 252
261 111 40 208 352 137 155 358 258 82 225 185 325 113 107 279 22 69 319
3 4
5 10 2 3
8 3 2 12
3 6 12 1
8 11
16 75 43 19 27 68 36 64 85 52 16
10 61 83 73 55 2 60 78 44 75 86
88 35 27 44 19 76 64 4 28 64 55
69 28 76 85 73 46 10 28 10 59 20
56 57 63 2 37 41 23 35 87 26 10
63 46 10 9 11 12 45 52 14 11 53
3 48 24 70 61 3 6 48 41 41 81
7 23 21 56 47 49 46 14 24 67 13
13 5
20 59 36 1 2
50 24 51 47 20
33 59 40 8 14
51 32 55 50 58
59 21 9 20 43
13 56 13 34 19
58 29 42 43 40
56 28 27 62 29
43 54 29 54 15
6 42 1 52 37
15 24 36 21 33
57 60 8 8 28
21 54 30 16 5
20 8
89 117 132 135 34 7 66 4
17 137 141 40 59 71 133 46
69 105 4 19 39 49 55 9
43 113 138 58 85 102 124 55
157 84 146 92 119 96 7 33
84 100 97 160 97 146 159 157
45 9 78 23 9 77 91 106
71 134 67 30 5 55 70 16
35 24 57 123 47 147 27 3
130 152 64 62 132 93 41 31
74 118 116 95 96 44 111 10
97 157 40 132 35 145 32 54
48 20 31 153 46 116 129 94
96 121 77 151 6 28 70 5
128 133 26 159 80 133 120 92
156 44 62 94 18 104 49 123
103 28 134 73 88 24 125 37
18 122 109 128 12 97 90 134
146 42 35 140 157 73 56 85
29 70 73 130 24 113 154 84
5 19
64 37 9 73 45 31 79 28 7 16 32 21 41 34 10 20 25 40 32
51 93 88 46 71 12 76 89 55 94 49 22 75 37 27 37 32 90 58
59 65 93 80 15 20 5 67 53 60 70 84 65 7 95 24 45 91 35
20 80 13 10 86 66 43 69 9 10 54 20 60 59 49 63 31 23 70
3 25 75 26 71 85 89 87 89 40 51 3 90 6 70 68 88 64 34
1 16
8 4 15 10 12 5 5 3 16 3 7 13 2 4 5 6
15 19
60 168 220 47 230 215 174 26 47 102 30 2 10 26 35 71 47 275 134
165 270 97 180 76 136 26 142 236 195 125 193 135 128 121 282 76 208 9
183 182 101 217 161 1 26 129 255 34 58 225 8 129 130 259 7 16 280
208 53 275 219 118 20 36 45 260 71 216 177 224 62 171 85 90 222 238
8 75 30 24 147 170 256 188 238 166 151 172 33 61 3 156 173 65 61
48 187 281 108 274 91 126 212 189 213 139 196 104 139 124 257 135 113 159
213 189 31 32 72 120 4 2 36 218 109 82 174 113 97 82 148 194 35
14 188 134 198 31 54 42 35 265 7 283 118 82 178 8 197 97 25 119
214 242 35 86 128 7 123 204 197 106 136 192 167 148 179 17 258 187 129
201 105 26 175 126 188 74 3 280 277 282 209 257 19 259 47 55 231 126
185 82 208 135 247 80 50 215 1 39 204 23 239 265 115 15 143 238 187
205 253 276 114 130 169 11 72 259 187 26 21 184 64 199 285 90 94 37
92 253 48 155 219 65 265 149 209 24 186 186 215 130 129 169 204 235 39
99 176 248 91 206 192 178 208 155 81 21 30 191 166 151 224 257 187 57
160 208 162 79 258 266 116 140 55 46 118 243 25 4 8 158 214 38 221
17 19
39 150 238 233 175 274 227 13 240 63 86 163 303 211 180 64 51 68 123
72 206 197 284 210 249 88 185 310 273 262 90 224 41 54 183 198 38 261
155 308 181 215 288 274 261 269 39 88 93 269 313 194 83 298 93 275 29
113 61 214 221 141 2 263 154 197 162 203 239 109 144 233 112 244 259 130
216 60 110 161 283 157 224 319 47 316 87 22 78 311 212 288 261 72 134
89 45 202 39 44 107 188 97 308 235 293 297 249 295 110 88 289 136 114
12 281 224 152 114 288 152 302 17 76 23 181 208 10 42 299 255 83 102
1 174 47 17 260 100 32 323 212 30 201 136 274 237 230 237 143 7 228
185 129 122 86 141 208 318 129 287 30 233 193 183 40 242 101 262 96 111
41 154 12 146 289 11 47 97 320 39 121 192 171 207 33 310 288 144 78
26 177 323 305 186 301 72 148 285 4 1 63 258 52 76 82 173 99 151
276 18 280 30 257 12 80 242 119 216 303 258 264 250 226 75 251 51 7
62 26 290 298 144 261 321 282 303 89 272 2 154 173 120 184 91 163 203
293 244 128 166 77 107 312 91 96 208 175 249 179 108 219 13 266 238 236
245 11 292 71 230 163 307 67 210 300 210 254 73 143 27 102 155 78 98
144 161 146 41 73 268 84 192 214 67 187 40 297 120 107 34 55 111 271
181 168 39 192 127 275 69 54 248 204 70 271 185 62 256 53 107 289 193
19 1
17
13
7
6
10
8
18
11
5
14
4
4
4
14
3
11
18
9
4
16 13
119 4 16 159 83 148 124 180 156 60 58 70 27
50 121 93 43 130 110 107 156 85 89 110 38 159
118 128 91 182 208 204 85 26 96 60 159 117 179
147 96 144 9 68 113 175 26 45 192 122 99 52
45 41 78 13 66 188 79 69 79 100 171 206 83
97 164 71 71 105 111 102 116 162 70 117 133 140
88 151 151 142 46 149 140 11 154 26 15 49 168
151 50 158 182 35 36 47 160 83 142 182 196 146
172 71 180 13 169 31 201 46 2 66 68 114 173
159 65 25 83 130 101 122 168 55 54 49 140 86
201 54 153 31 149 122 61 162 103 32 18 107 96
22 24 169 105 95 68 138 135 127 33 5 24 82
117 115 93 121 111 58 178 146 124 88 120 35 105
72 164 50 179 196 161 20 154 72 112 96 116 206
112 207 78 172 72 83 44 118 192 145 82 208 96
92 27 69 96 127 102 61 191 7 82 142 16 27
18 2
14 13
30 33
4 34
28 27
7 21
19 16
36 24
8 20
10 4
18 10
2 25
20 36
15 23
9 18
1 32
27 5
22 9
34 6
7 15
57 68 79 13 9 43 2 40 68 3 3 96 7 82 78
89 82 12 34 38 3 85 91 33 21 64 36 100 78 66
29 17 93 97 6 77 27 105 60 18 47 79 59 93 89
28 95 14 69 31 97 90 85 82 93 23 74 100 81 6
53 56 28 89 70 26 6 1 26 100 74 43 85 66 46
93 28 84 100 17 62 97 26 51 88 7 104 98 104 39
15 43 12 43 100 27 98 94 16 24 73 2 97 87 104
12 10
76 18 104 48 22 48 77 92 103 85
119 105 32 72 98 112 79 44 15 109
35 36 15 78 51 108 63 57 36 114
73 19 102 60 75 50 49 35 77 11
33 44 68 120 43 88 119 105 59 17
106 107 60 29 31 71 43 95 53 57
88 24 98 72 25 93 13 45 37 26
113 93 2 68 119 49 4 52 11 53
115 56 16 13 39 75 19 98 27 13
89 20 67 29 62 34 11 90 19 6
93 81 67 100 7 97 18 96 95 90
42 30 51 116 60 45 1 76 24 13
12 5
5 44 58 57 3
5 2 19 46 39
14 37 51 60 50
2 11 53 34 50
54 51 27 35 22
16 33 40 29 36
38 17 47 4 16
25 30 52 16 16
52 33 11 33 11
58 35 1 13 4
4 30 21 22 27
23 14 31 56 9
7 6
5 23 21 6 27 37
2 2 15 20 39 17
16 21 31 24 20 42
18 30 32 30 30 7
40 36 29 6 5 41
34 38 10 22 30 7
14 33 10 12 6 14
2 5
8 1 3 3 4
5 4 3 10 5
18 20
106 48 17 316 313 119 202 206 5 15 46 303 54 135 228 53 167 264 173 206
220 86 125 125 251 300 17 66 20 360 164 294 237 333 128 164 303 279 278 18
223 194 274 71 249 251 166 335 64 352 96 169 123 67 251 113 292 225 343 170
314 281 38 75 193 281 125 226 195 178 74 15 317 339 328 351 16 115 349 257
203 288 356 292 170 148 315 351 29 335 251 107 183 216 55 27 64 293 236 116
282 3 220 191 21 103 350 275 239 242 173 159 251 315 147 221 165 310 243 250
288 234 112 250 140 329 237 145 263 168 169 4 191 222 350 294 209 106 255 87
249 277 244 126 254 150 131 342 121 172 293 79 290 198 314 44 39 230 41 242
202 261 360 312 262 264 149 329 246 279 231 286 330 54 76 113 287 269 15 293
65 170 61 41 103 310 45 43 196 357 258 345 341 207 318 122 204 220 76 12
144 284 314 134 199 179 65 45 281 108 3 309 250 229 8 141 147 64 53 141
21 305 242 299 252 227 197 232 316 262 168 130 227 307 260 338 19 160 273 166
26 118 131 201 279 199 290 262 42 222 206 180 305 143 125 11 355 261 35 69
171 82 13 79 235 25 50 70 98 247 22 95 100 88 156 231 100 294 207 313
312 180 261 46 33 97 81 110 334 225 187 68 68 133 142 320 276 161 14 95
113 318 84 333 12 342 72 266 22 293 234 305 297 320 29 317 163 37 304 271
233 106 65 27 52 313 128 73 10 305 206 271 323 152 73 43 198 28 165 21
224 97 64 211 289 340 1 7 99 199 318 83 359 221 314 237 310 77 151 197
12 19
69 63 113 141 203 17 62 78 138 38 55 209 72 35 195 46 75 215 24
5 49 86 126 42 128 182 114 214 222 197 56 180 55 203 82 194 106 209
128 179 139 148 54 197 56 44 29 120 203 196 154 33 83 19 40 53 161
174 17 150 150 20 12 20 124 147 214 134 224 184 16 20 124 119 77 49
201 166 213 114 91 116 146 166 48 222 182 197 79 80 22 148 223 179 146
175 49 167 70 61 139 117 82 93 201 15 113 2 74 106 5 218 84 98
63 140 225 152 132 16 128 134 189 108 68 105 180 152 112 160 98 144 207
49 33 94 63 104 169 67 161 84 187 226 3 198 5 60 86 37 222 76
39 223 119 99 46 59 191 108 107 28 172 118 210 123 159 6 152 113 206
152 51 39 80 39 175 203 217 65 111 64 96 118 228 95 52 180 153 12
195 103 209 52 174 67 33 125 222 91 46 72 223 142 187 47 4 1 92
87 34 203 71 85 194 117 100 114 143 135 28 165 56 189 206 201 100 83
7 7
9 4 31 22 43 18 31
34 42 29 34 6 14 28
40 47 27 5 28 24 7
49 12 12 41 37 26 43
10 22 10 8 4 15 12
31 38 25 16 11 7 30
17 40 45 36 17 38 19
14 5
9 11 40 11 27
63 17 49 11 7
32 55 25 58 56
58 37 67 46 63
2 64 53 28 61
17 30 28 1 33
17 17 33 3 64
16 41 39 19 32
40 33 50 44 35
43 23 19 19 2
17 66 21 39 22
7 65 34 61 17
51 67 22 51 46
20 60 48 38 63
4 2
8 4
8 8
1 5
3 7
3 3
5 8 8
5 2 6
5 6 3
7 19
40 117 63 22 70 95 120 55 24 24 5 80 91 88 41 130 27 78 44
66 7 11 70 68 93 16 128 75 62 34 68 119 11 45 42 44 88 41
74 32 75 126 3 51 66 31 78 1 39 44 61 82 120 88 122 131 75
113 129 112 55 22 40 97 22 21 115 32 112 106 43 31 102 79 64 51
55 61 118 50 34 57 65 77 121 41 24 127 10 15 122 60 111 72 103
121 66 95 20 69 44 106 79 67 63 17 53 61 2 36 25 99 21 105
119 40 24 114 109 32 99 53 45 91 119 49 85 11 122 95 89 5 58
18 11
28 84 112 99 133 35 48 158 14 29 65
59 55 100 187 130 98 64 114 67 5 117
194 193 69 44 112 144 56 117 96 169 42
108 107 78 114 160 167 114 90 94 47 92
159 22 113 44 193 22 69 151 121 156 86
177 192 35 73 45 183 80 150 80 86 149
113 190 129 121 122 130 48 196 65 28 142
166 112 128 144 89 94 163 180 48 116 125
66 2 134 62 102 150 71 83 41 189 33
130 119 110 33 143 175 120 154 113 23 14
123 193 27 193 46 187 138 41 141 163 101
38 33 186 60 176 194 69 130 100 10 116
26 29 92 112 102 10 127 171 78 45 43
15 97 82 161 148 160 100 107 195 172 185
104 95 90 168 9 129 174 25 173 98 139
77 77 85 178 10 118 26 114 90 92 81
170 55 190 193 194 151 158 114 39 121 108
5 64 7 170 76 184 88 83 160 16 73
18 1
10
2
5
6
8
16
18
16
13
12
11
10
1
3
11
2
14
4
2 7
10 14 10 12 5 1 1
12 8 13 7 1 13 10
10 4
12 40 35 33
12 9 40 9
39 36 29 23
32 40 8 31
36 38 14 36
28 40 4 30
39 27 11 7
13 18 18 1
30 16 5 14
8 2 20 27
20 6
110 73 39 36 4 9
46 16 66 52 5 65
40 84 20 90 103 107
77 34 54 102 32 57
84 101 78 73 48 57
66 14 69 51 65 100
97 13 106 93 84 15
33 35 102 9 21 56
73 64 73 119 94 103
64 102 59 98 65 35
18 10 82 8 45 104
25 100 69 24 102 48
9 100 100 66 28 1
94 1 95 2 46 23
102 112 105 52 79 18
46 12 28 15 45 111
98 13 60 8 98 68
77 13 84 61 75 98
44 25 91 74 13 23
48 36 97 53 78 46
18 13
66 138 133 137 39 79 14 164 221 74 47 49 28
229 10 181 232 57 93 187 130 203 55 117 142 1
226 100 13 100 16 37 38 217 77 219 222 51 194
108 81 192 137 86 149 165 219 177 198 29 204 157
217 41 55 116 66 22 145 156 99 167 163 39 89
115 159 41 153 134 61 72 194 37 14 229 53 135
123 202 221 134 55 107 232 6 110 184 148 201 48
203 205 150 127 44 134 59 97 153 77 6 177 150
205 95 88 73 65 94 15 174 47 18 74 145 185
125 204 27 83 30 129 49 221 170 26 15 3 101
203 184 72 52 213 45 86 52 40 210 185 100 136
132 71 104 136 196 109 115 58 159 225 11 159 195
124 52 73 90 193 118 204 92 84 201 45 122 126
124 225 172 102 17 161 135 190 170 223 213 104 170
73 204 116 98 97 221 226 54 155 82 112 101 90
174 221 156 58 173 194 201 93 179 70 201 134 59
195 228 51 110 203 47 205 32 9 85 177 80 141
45 112 2 219 191 58 90 130 210 131 135 89 26
10 3
9 6 23
21 19 9
17 9 22
29 19 29
1 24 1
4 18 6
2 8 4
2 7 14
1 28 8
23 27 13
19 7
99 116 105 16 82 122 57
62 30 30 78 19 61 37
36 92 46 61 127 120 54
77 92 87 114 87 33 7
112 49 23 114 5 16 107
62 83 82 108 20 114 7
120 101 62 14 51 60 42
5 128 99 64 22 21 85
32 23 105 118 111 7 69
53 74 98 46 36 25 112
3 111 46 128 30 58 89
30 64 71 21 115 58 42
41 59 75 22 132 75 115
93 40 116 124 119 107 72
101 119 127 101 109 12 73
100 132 62 5 43 35 123
133 110 83 50 36 124 74
85 3 88 66 43 30 87
33 107 19 109 132 108 63
5 19
92 88 45 52 87 85 6 9 33 31 61 7 35 34 92 32 70 21 38
74 35 31 34 85 86 26 57 33 89 9 68 51 30 90 76 26 90 28
45 80 17 89 67 38 35 10 77 62 11 56 94 45 43 29 13 26 95
82 1 70 35 33 74 32 92 15 12 50 78 3 78 80 40 59 63 46
37 52 95 43 25 93 91 87 65 62 52 21 29 5 57 86 80 87 68
20 19
332 278 51 46 53 5 11 334 241 217 140 373 77 19 54 328 42 6 281
162 159 37 68 109 285 355 358 343 375 81 336 316 137 129 160 342 15 119
22 345 232 42 161 349 198 232 362 343 21 150 121 253 203 39 197 285 286
196 174 108 22 46 122 36 227 272 108 132 50 271 114 65 232 91 289 300
188 69 359 34 374 256 83 283 310 349 284 366 90 99 328 378 224 295 131
19 264 237 148 184 226 64 209 342 261 145 218 233 151 252 297 322 269 255
85 121 95 243 89 178 254 336 369 148 125 125 10 77 182 47 143 190 370
376 280 114 68 27 92 113 316 150 112 372 266 271 157 223 31 129 380 160
204 172 328 287 175 24 17 187 156 151 293 177 115 309 335 198 91 238 61
168 270 11 139 222 70 201 359 145 286 359 300 8 165 35 273 98 23 368
342 380 73 359 135 273 80 60 118 83 159 285 331 177 42 283 35 310 255
152 345 162 131 289 198 254 290 111 77 54 176 25 342 128 207 346 15 24
290 118 68 96 277 360 5 313 336 98 272 31 10 357 201 191 30 158 190
251 189 290 118 71 87 219 113 23 169 197 7 16 292 153 302 49 111 288
168 72 179 267 202 57 291 147 46 295 232 204 223 313 39 276 215 337 119
205 159 289 198 355 315 34 47 98 80 214 102 252 227 313 335 136 217 92
147 6 153 3 257 297 359 306 93 60 161 171 42 85 67 94 276 269 5
373 226 85 142 331 211 97 206 65 78 59 316 253 56 27 204 179 172 31
36 265 137 142 286 346 224 334 47 119 310 350 359 350 138 278 120 269 284
234 89 200 285 126 168 6 75 25 229 166 302 44 139 134 325 231 221 157
14 15
115 48 108 200 180 17 11 200 107 164 17 119 23 41 54
155 29 75 193 187 40 175 134 71 193 1 133 202 104 19
123 115 117 107 194 200 105 177 122 65 202 74 68 127 110
193 79 16 89 155 44 202 9 116 56 14 82 82 25 141
13 76 58 138 41 11 70 18 166 159 31 62 27 176 51
187 83 95 33 193 205 98 138 140 210 32 184 75 200 186
121 165 97 45 29 39 17 156 62 24 39 61 95 126 18
140 111 114 53 165 127 17 124 156 129 164 168 126 87 192
208 191 181 173 205 113 131 192 103 209 150 56 100 112 202
192 158 148 53 189 60 34 200 166 124 150 55 201 188 98
174 201 62 53 58 128 73 192 58 102 112 108 18 186 187
4 177 37 210 51 129 108 63 57 171 142 127 104 158 136
60 35 55 80 102 209 115 25 128 90 181 50 199 47 54
133 6 120 190 145 169 85 78 80 84 12 208 194 91 50
8 20
76 84 8 30 141 21 82 11 5 88 66 14 17 141 30 145 136 146 12 73
144 94 85 52 78 100 5 146 149 5 111 29 160 21 14 103 122 104 102 47
154 88 8 63 141 150 84 4 107 138 153 139 140 41 120 21 51 115 71 151
8 133 17 48 132 129 90 7 133 120 65 33 98 18 158 124 88 58 138 44
66 40 126 15 7 76 84 14 14 148 74 146 76 90 5 1 62 77 49 84
18 27 70 22 31 56 71 91 150 109 69 26 112 127 128 105 134 59 13 51
96 28 82 121 133 24 142 98 17 45 55 96 37 131 27 65 23 126 8 46
106 35 71 4 25 4 66 108 141 138 7 153 143 30 68 30 86 84 114 105
17 4
3 64 29 38
11 11 18 66
36 26 58 33
17 17 50 35
25 62 8 34
45 67 66 15
44 14 37 25
48 2 15 31
45 20 47 63
46 59 42 18
68 12 12 62
11 6 22 43
24 13 39 5
41 62 53 39
17 25 4 42
24 4 38 66
66 60 15 58
20 13
69 146 55 134 89 101 90 14 65 177 12 103 45
61 230 197 208 45 120 199 248 69 254 107 230 244
22 72 85 124 177 66 130 15 130 33 217 16 244
121 139 169 161 122 215 193 256 153 196 147 100 124
252 205 209 168 144 214 76 92 76 235 181 137 162
225 113 41 3 143 138 184 189 122 197 148 21 33
191 169 80 218 121 24 50 255 103 46 175 15 89
104 169 141 132 58 96 172 135 229 16 12 73 147
94 169 131 95 134 33 223 101 189 173 125 31 204
13 47 145 99 97 24 7 100 237 10 178 172 79
140 107 33 204 255 44 78 173 169 80 96 214 16
38 189 154 253 28 27 93 89 30 116 190 42 67
49 143 51 177 118 203 249 154 199 16 182 194 185
80 59 59 109 102 211 51 250 22 64 185 179 253
249 149 119 30 190 14 128 95 123 6 214 184 2
149 137 83 124 238 112 179 202 164 182 191 90 188
83 180 23 153 243 171 239 124 118 58 193 149 204
109 250 193 57 253 38 114 225 173 11 18 130 245
122 54 259 212 58 6 157 145 25 135 224 62 251
46 96 86 34 209 250 34 253 23 122 235 193 259
5 10
5 25 5 44 28 17 33 43 47 28
31 7 38 50 11 26 7 4 48 40
28 38 4 48 18 27 14 1 40 49
45 18 36 48 16 27 9 32 5 46
5 45 9 37 6 18 17 18 49 16
18 13
159 165 198 205 112 109 56 229 209 18 13 136 21
68 218 133 210 154 221 35 3 106 107 36 126 177
203 68 36 79 77 98 19 182 187 200 181 138 180
82 157 92 233 222 93 92 13 18 98 113 39 199
205 76 38 130 59 116 213 54 162 44 233 86 93
93 52 13 172 119 94 193 87 35 21 42 210 215
136 41 192 177 201 143 202 144 199 218 158 144 81
73 164 22 69 108 207 133 9 162 219 125 164 58
194 189 144 9 189 95 159 203 67 39 228 214 119
224 88 71 223 60 165 119 70 230 162 192 93 140
190 110 125 15 177 190 171 58 184 97 87 133 50
202 58 1 114 106 18 131 233 201 27 109 67 34
31 149 98 189 142 93 181 13 75 229 48 52 25
106 229 18 108 148 165 157 16 139 45 107 180 36
231 169 128 41 139 76 171 1 145 114 22 41 227
5 189 84 102 77 85 22 210 195 77 97 154 69
68 113 149 117 184 26 193 154 192 85 187 124 139
55 230 9 216 180 129 97 129 191 83 31 188 212
11 18
128 155 13 145 151 33 154 85 104 50 75 184 64 71 26 16 6 26
190 50 75 98 117 145 193 133 187 170 147 142 26 191 67 126 65 121
104 135 16 132 36 66 34 146 58 117 64 68 110 77 31 88 34 50
65 79 101 189 23 109 10 189 165 165 2 117 193 90 162 88 12 169
158 167 23 37 78 86 59 29 102 185 114 195 68 166 171 73 67 188
36 5 72 150 154 166 169 29 63 161 137 100 34 95 30 50 64 10
163 90 131 59 159 168 44 101 122 42 72 168 77 59 35 5 189 127
105 112 58 139 195 120 104 135 98 191 23 76 15 169 52 111 63 54
47 109 111 56 59 114 119 24 125 6 100 48 2 53 185 139 67 22
175 82 119 163 107 156 14 98 97 86 146 127 92 189 140 62 5 12
178 128 156 79 25 74 91 68 71 126 88 113 40 74 169 180 87 28
9 7
18 4 5 25 1 9 39
28 5 17 47 60 1 60
22 5 15 55 8 4 4
33 13 32 10 23 28 38
5 57 58 58 63 19 23
7 47 21 38 24 28 51
19 49 49 42 59 19 30
30 54 18 54 49 25 33
27 1 17 1 58 12 63
10 5
36 18 48 25 11
42 37 44 33 16
30 9 19 29 11
44 25 29 39 32
42 6 16 29 24
22 12 21 21 33
24 35 14 35 28
45 20 30 20 16
37 14 20 13 38
21 12 18 3 25
11 20
108 58 211 84 168 108 43 89 142 107 30 22 174 194 28 213 25 95 198 39
8 44 59 117 134 191 160 1 208 144 6 103 144 113 159 123 112 115 15 104
165 144 170 192 164 185 109 54 96 12 37 202 47 149 103 219 51 178 109 123
37 49 162 220 176 38 126 34 83 53 217 23 122 167 143 194 219 77 104 125
55 119 42 198 151 182 112 188 60 104 189 88 3 45 70 34 98 23 117 126
89 83 113 203 168 11 119 198 135 13 198 130 148 166 183 213 184 13 23 180
53 207 119 67 16 118 99 219 92 110 19 121 167 212 66 199 113 7 208 167
14 21 79 12 92 70 106 78 151 113 151 118 6 44 219 218 151 94 77 195
15 124 20 96 196 176 113 160 63 114 105 61 22 194 67 200 83 187 26 41
175 114 138 78 39 158 206 40 125 172 99 187 7 45 36 156 124 159 182 37
116 113 97 32 179 118 37 189 5 149 67 214 149 188 21 158 84 19 78 53
17 1
6
8
5
6
17
3
17
7
10
16
17
14
13
15
12
6
8
7 18
75 123 51 14 120 38 77 111 23 123 119 52 111 76 5 84 54 85
98 45 122 36 16 26 94 26 105 75 9 87 82 46 92 3 125 27
103 42 15 65 37 2 50 105 10 52 100 40 73 103 74 28 39 117
39 64 5 99 55 97 56 39 55 30 116 33 90 39 93 26 2 82
17 119 21 116 36 47 26 126 97 85 53 60 125 64 120 42 107 57
116 13 74 94 107 98 17 125 1 114 19 27 57 28 98 62 40 114
59 12 117 100 90 85 99 38 109 89 54 68 125 1 117 31 57 29
5 18
16 48 90 11 52 65 81 2 28 21 6 18 87 43 22 16 79 14
6 45 6 34 73 86 41 88 60 30 13 25 38 60 43 50 69 5
18 61 40 85 5 81 25 67 65 43 29 8 27 18 14 55 68 70
58 27 26 60 54 68 2 2 6 4 60 15 13 58 46 26 60 21
2 60 27 86 64 67 7 35 8 89 56 55 60 30 66 61 52 9
1 9
8 3 3 6 6 8 1 7 9
12 18
91 138 76 54 2 142 101 73 79 112 66 167 18 65 133 114 205 31
137 161 1 86 207 188 45 182 21 133 40 40 124 96 31 3 212 211
87 163 54 176 9 33 149 151 149 205 90 184 188 103 11 207 38 150
32 200 84 64 210 122 68 8 111 184 63 77 78 74 176 135 3 82
203 36 8 171 55 113 89 188 49 140 42 193 135 78 71 202 86 198
104 141 169 104 78 127 214 37 166 72 86 148 178 133 33 150 102 206
204 95 214 39 88 121 81 164 136 74 137 198 31 141 2 162 11 166
5 41 98 31 169 26 127 136 132 203 65 179 19 190 161 13 124 96
118 201 132 117 62 70 146 143 99 137 191 126 215 37 24 41 22 110
73 58 183 86 208 72 142 159 187 46 49 207 111 185 13 137 111 102
164 15 205 122 197 117 88 75 161 138 154 35 21 136 12 86 81 130
136 65 155 125 11 138 193 71 37 182 154 28 102 21 87 192 111 210
11 11
72 38 101 40 35 85 120 30 115 108 70
75 67 111 52 37 21 10 49 93 58 13
98 19 26 91 61 93 106 4 83 53 70
83 89 40 87 68 78 75 85 107 19 94
81 1 72 55 25 106 98 38 17 51 49
104 58 80 9 27 22 23 116 18 16 27
113 100 5 46 9 51 8 31 56 53 8
55 98 49 108 103 98 18 24 120 97 80
119 117 48 108 33 113 19 57 57 69 11
22 104 17 74 1 101 37 104 58 71 41
17 86 87 3 1 72 34 7 118 56 15
13 9
69 105 9 113 40 2 2 7 66
27 32 114 98 17 42 102 27 77
88 59 84 42 63 11 94 59 28
82 76 16 113 89 112 98 108 116
24 58 92 35 16 25 102 27 102
19 37 91 106 3 108 39 11 29
67 115 35 82 111 27 90 59 66
35 116 78 48 18 67 65 25 27
33 30 19 78 34 56 101 65 48
74 36 57 116 83 85 5 18 52
24 105 105 43 64 76 71 79 58
52 96 62 60 54 87 104 88 24
115 14 100 112 25 84 79 54 58
15 9
60 56 3 12 71 115 69 62 83
5 48 129 6 123 66 16 70 22
59 82 110 23 131 51 16 38 120
123 36 115 13 15 129 23 81 106
60 131 130 82 111 18 49 27 11
10 131 25 107 122 131 128 79 131
95 44 21 120 96 11 36 3 97
47 105 94 43 76 19 46 1 37
36 72 41 107 109 112 74 75 110
114 59 72 102 77 4 75 91 51
67 22 17 125 55 97 26 117 97
85 106 36 93 11 108 117 69 69
8 5 92 22 72 96 109 14 116
30 44 40 40 41 56 109 126 34
106 28 121 101 46 133 96 65 26
7 17
53 49 118 71 82 5 8 39 77 33 114 29 14 81 54 26 113
87 97 104 65 5 9 88 28 69 18 90 116 87 108 48 14 118
32 84 113 55 52 119 15 95 7 42 65 37 6 3 62 9 92
99 71 106 7 64 15 52 44 112 2 83 8 86 83 96 98 24
34 32 22 40 88 44 92 85 15 36 106 41 79 103 89 103 56
80 99 6 39 106 118 105 54 101 66 51 59 99 109 48 117 31
80 95 87 69 110 22 68 61 101 13 4 7 9 93 21 80 106
10 15
131 42 32 121 4 42 41 127 2 144 3 38 111 70 6
109 103 109 36 56 80 14 45 114 21 141 5 70 129 87
137 31 4 116 19 127 38 36 1 11 59 124 50 31 125
82 94 43 19 43 14 101 143 128 34 105 107 72 71 25
75 136 82 137 40 37 72 135 108 127 111 63 149 34 123
138 30 120 66 130 56 92 7 111 123 103 80 17 17 30
16 132 148 100 46 32 131 67 65 103 140 147 133 17 125
113 62 55 108 32 142 112 35 81 137 42 7 47 142 73
30 41 37 118 105 1 120 100 137 59 147 66 149 118 48
26 90 73 126 44 94 148 127 103 144 24 47 36 57 92
8 1
8
7
7
7
5
2
1
4
5 1
5
4
4
3
2
15 2
28 10
29 15
12 15
16 1
13 10
25 23
26 21
6 25
1 20
9 15
18 2
12 1
4 6
30 20
30 14
6 10
8 36 30 13 54 5 5 15 10 35
43 13 5 40 49 4 59 30 37 15
50 24 54 59 36 21 59 13 2 50
1 33 47 20 49 34 52 60 1 13
57 9 35 52 9 36 44 28 40 37
14 10 35 17 57 24 6 28 49 60
9 11
27 40 55 62 66 53 48 55 53 8 16
50 17 41 24 20 33 16 83 10 60 90
18 30 5 3 94 9 94 43 58 12 73
80 36 25 40 89 93 6 59 43 83 34
61 49 93 63 22 9 55 20 59 13 27
48 30 14 38 15 99 66 95 67 24 58
85 80 69 50 80 60 68 24 75 10 87
56 15 54 11 46 22 38 97 53 26 15
78 15 82 89 1 24 68 36 17 54 35
19 2
1 6
15 16
37 12
5 26
7 9
30 5
26 38
32 9
6 7
4 20
33 37
22 23
38 38
22 9
38 26
8 23
26 16
15 22
25 14
9 19
163 142 106 7 88 100 34 45 14 18 161 137 65 49 78 162 112 60 161
109 125 113 21 55 26 50 135 108 26 62 59 2 128 4 103 107 104 46
14 60 53 60 104 31 85 138 3 114 69 56 165 83 93 55 88 59 67
48 53 163 27 74 134 58 100 2 163 73 115 149 147 109 36 89 83 13
103 22 130 59 10 131 147 138 124 15 132 96 26 65 53 150 75 98 136
6 133 77 30 52 32 110 9 159 151 64 141 168 108 91 148 141 20 63
45 117 63 92 131 130 79 8 152 42 169 22 51 4 118 104 19 155 160
49 16 115 164 49 23 55 103 155 91 135 163 157 64 94 164 26 56 14
61 49 82 39 72 100 125 27 112 14 29 145 45 100 133 50 51 155 122
15 11
70 79 54 27 96 62 18 63 28 125 78
44 137 129 123 164 38 134 95 154 161 24
58 34 40 73 130 41 51 62 89 62 95
38 34 98 1 80 77 63 89 68 158 103
119 53 128 63 132 75 96 4 44 30 108
34 141 51 100 12 120 2 9 76 121 153
138 157 48 141 43 80 14 85 148 68 161
34 141 107 27 110 74 94 127 67 95 107
138 71 100 141 15 108 88 3 65 96 90
75 53 4 98 159 84 134 3 70 144 58
97 83 42 35 50 101 140 105 76 79 101
119 138 57 10 30 87 27 42 134 19 37
46 62 130 157 121 138 63 15 141 8 33
88 48 122 105 51 133 125 96 114 24 117
88 100 63 62 55 1 49 59 22 22 86
20 12
51 112 62 4 240 185 66 38 27 63 107 12
176 53 193 200 111 58 82 136 158 92 50 113
156 120 146 152 98 76 11 16 152 238 39 237
144 53 173 151 51 213 135 154 151 104 161 234
90 72 177 20 174 25 157 32 209 195 61 211
119 109 94 112 70 117 240 14 14 76 237 213
195 190 119 98 200 159 12 186 202 17 216 108
118 226 8 110 8 98 118 9 193 227 6 113
20 217 44 140 237 113 167 69 14 189 78 216
136 237 166 141 178 138 205 34 185 155 54 80
213 107 225 240 99 162 166 86 196 127 238 219
1 103 238 57 73 71 33 192 185 70 145 182
103 166 66 202 140 41 187 41 75 191 18 234
145 62 162 84 59 203 60 191 111 84 151 104
136 224 5 126 1 30 68 41 29 234 109 218
209 62 60 93 143 117 157 140 160 234 15 173
92 112 88 236 121 203 101 99 190 75 28 149
35 152 224 170 199 185 16 84 29 175 45 209
149 94 37 73 146 108 177 199 189 34 7 101
229 64 157 112 96 44 91 122 163 154 203 190
2 12
24 14 5 16 8 24 8 1 24 15 13 15
18 6 7 22 21 7 5 14 10 10 2 16
18 1
11
17
11
2
2
8
7
14
12
10
5
10
17
4
6
18
17
11
4 12
25 16 46 30 47 3 24 45 7 35 1 29
46 35 44 12 10 20 7 12 22 35 18 15
39 15 10 1 10 40 23 47 45 3 14 5
7 10 20 21 36 48 16 36 48 18 26 14
15 9
45 12 126 52 132 17 106 96 58
99 84 76 33 68 94 14 37 43
128 98 95 68 70 81 91 93 12
120 117 130 31 95 81 114 13 66
15 45 97 61 64 110 117 46 54
89 43 22 133 55 67 2 104 52
112 111 57 89 98 124 99 128 116
37 119 73 104 27 124 108 14 44
18 122 87 87 54 49 60 24 104
44 12 1 1 10 107 96 18 88
127 73 135 126 57 57 107 88 74
75 135 119 13 15 25 80 8 31
91 83 98 3 65 129 92 115 134
8 7 96 29 71 46 74 27 83
131 104 131 29 89 103 118 2 79
20 7
43 107 105 49 105 13 46
38 83 51 127 27 15 91
56 56 95 37 35 42 113
82 61 78 107 29 92 32
60 109 90 125 23 43 12
126 134 97 34 87 132 25
114 3 115 130 40 22 112
37 48 10 85 63 124 126
49 33 105 39 60 44 6
12 126 59 16 80 6 16
36 103 25 125 71 25 117
25 11 33 3 62 124 105
123 140 130 124 14 28 99
117 24 99 105 126 54 80
1 73 99 73 79 34 91
93 18 132 135 99 16 55
108 134 91 35 28 42 140
138 6 118 21 42 135 73
53 89 13 80 111 99 9
89 96 16 113 114 139 12
3 9
26 20 25 10 16 22 12 13 25
20 5 10 20 14 11 18 15 22
10 8 14 8 11 3 14 17 10
13 14
4 147 100 1 26 146 112 37 87 146 91 132 117 44
63 24 104 11 157 43 54 38 79 181 1 6 133 99
177 55 111 134 59 67 117 64 28 78 98 31 33 70
133 114 46 98 173 90 8 71 39 67 27 3 18 130
14 75 159 62 142 94 114 9 118 129 58 151 142 46
163 133 142 133 34 112 169 87 54 163 70 91 113 69
82 61 153 63 30 75 52 31 128 122 104 118 54 96
54 135 163 182 133 79 144 20 109 47 58 181 178 9
81 165 9 30 43 167 56 30 20 122 93 26 117 24
81 47 87 23 116 16 179 141 4 153 30 90 173 134
182 25 7 113 154 179 171 152 36 145 51 95 139 27
5 144 14 158 46 71 18 38 74 95 94 150 165 21
66 3 46 94 182 160 166 21 153 163 32 43 29 128
7 4
6 6 4 9
5 6 5 28
2 12 20 11
12 25 10 14
9 12 19 8
24 4 15 3
10 20 8 2
14 6
4 51 83 66 17 11
26 47 32 1 2 34
75 27 5 70 45 37
80 53 68 74 82 37
74 49 81 41 25 47
15 15 26 78 77 13
21 65 18 32 64 53
71 49 17 78 82 80
82 15 49 56 40 23
17 49 24 35 41 48
39 48 25 68 24 67
55 70 44 74 33 63
9 54 29 74 72 3
51 5 42 3 49 42
2 11
3 19 17 17 21 17 11 2 6 18 14
22 2 6 15 13 3 12 7 22 9 4
2 11
16 9 5 7 14 2 22 11 8 2 22
17 11 18 20 7 22 21 16 19 21 19
5 15
56 60 25 51 1 8 54 36 32 37 54 46 3 14 63
18 48 61 32 63 44 10 1 30 5 27 16 69 32 72
13 67 46 23 60 73 29 58 50 22 14 3 1 4 3
74 40 63 72 44 39 40 6 39 9 63 59 16 26 35
25 73 67 5 22 31 14 10 73 71 59 12 30 75 31
16 1
13
11
5
7
13
10
7
6
10
9
7
2
5
1
14
2
3 12
2 9 35 20 12 11 34 18 11 19 5 35
36 25 21 23 6 15 12 22 27 16 7 18
32 21 32 31 32 33 20 19 11 21 22 24
6 17
10 83 80 15 88 74 30 1 15 42 18 101 45 59 91 33 42
22 101 32 32 18 42 58 87 20 54 65 50 9 59 62 60 13
55 65 71 26 18 48 52 84 55 57 13 44 25 55 28 19 67
44 57 11 80 58 25 30 61 9 23 31 53 35 3 22 98 16
31 5 63 79 87 79 92 61 30 92 94 3 77 66 93 48 16
4 60 29 86 22 19 87 24 41 85 32 1 6 46 100 99 68
5 5
5 21 22 23 8
17 19 10 17 5
10 6 22 5 16
24 10 9 5 10
23 12 5 4 5
13 7
57 23 24 27 40 40 84
81 26 62 56 3 89 74
73 59 36 50 56 37 73
19 34 75 84 36 24 71
78 72 14 85 43 3 43
51 26 85 49 15 74 32
34 31 35 60 9 51 52
82 12 60 3 48 41 8
80 9 20 50 38 53 38
53 24 20 68 15 69 31
82 60 54 71 70 80 32
52 53 22 67 6 83 91
1 28 83 66 91 35 42
2 1
1
2
5 16
79 51 67 55 17 8 47 49 39 47 57 76 33 61 41 57
61 59 7 53 9 67 34 43 3 10 76 35 77 73 34 75
44 73 26 33 47 42 37 26 12 49 36 66 22 76 6 16
11 35 47 53 58 77 21 17 49 28 4 67 5 70 33 75
11 65 44 61 35 74 30 52 68 17 66 16 66 21 64 77
8 4
9 19 21 24
8 19 8 7
4 16 21 18
2 13 17 26
4 7 25 29
8 6 4 32
14 7 25 28
9 1 15 1
2 7
1 10 14 12 10 4 2
12 13 3 5 6 4 13
5 16
78 14 28 10 13 48 43 49 64 51 26 25 26 5 5 32
12 20 80 55 25 26 32 42 68 52 70 9 58 13 60 23
76 27 24 46 69 6 14 13 26 32 65 80 79 54 58 42
54 49 65 34 34 25 56 71 10 55 40 80 73 54 2 21
2 37 55 4 80 43 4 65 11 8 21 61 72 19 59 65
8 9
32 31 16 41 46 37 40 71 63
71 13 12 16 65 49 16 71 38
58 27 27 31 64 68 2 19 24
56 69 63 22 44 24 27 31 63
6 41 60 22 18 11 18 5 64
15 47 55 17 25 47 27 61 5
52 3 11 16 44 65 68 27 52
1 6 26 3 53 28 39 41 9
19 17
251 144 322 25 139 40 128 306 304 300 27 270 44 319 168 220 284
136 219 175 92 269 61 27 27 87 16 115 1 288 51 302 218 48
6 316 137 147 35 126 271 22 99 75 171 51 143 17 96 154 299
221 98 164 116 17 12 70 3 262 39 319 83 156 154 214 264 222
24 132 156 308 114 24 275 46 139 301 178 101 64 222 11 224 275
169 231 298 284 306 123 253 272 222 62 206 151 264 155 255 37 229
44 171 314 46 101 218 108 85 308 48 62 223 105 118 142 23 249
186 11 201 234 48 67 284 212 75 217 292 291 79 251 24 28 308
149 12 51 23 39 113 320 172 314 297 103 321 265 234 184 53 269
82 292 310 305 41 133 136 178 92 88 187 164 323 27 236 261 320
291 48 205 181 154 295 113 177 43 39 198 119 8 150 160 297 142
300 38 194 48 301 115 217 258 251 216 305 65 241 209 190 48 133
4 90 287 223 118 15 274 281 17 210 309 313 73 177 313 125 151
284 132 61 168 180 82 43 273 200 277 128 149 29 263 148 64 216
278 13 207 198 4 85 180 169 52 285 291 279 123 7 300 193 52
196 192 276 278 125 124 239 221 246 265 26 136 96 26 214 124 17
81 14 95 141 149 198 143 187 281 29 82 196 309 8 216 305 302
227 227 49 273 196 191 87 275 245 189 84 111 113 40 54 159 88
163 224 289 224 202 50 94 95 175 193 2 32 68 46 135 171 65
13 8
1 40 103 35 101 28 2 55
55 75 23 26 34 40 72 20
47 36 96 86 41 22 6 85
49 4 40 25 22 63 8 85
16 77 53 49 34 79 97 99
58 99 18 52 22 36 8 62
76 29 34 35 101 93 69 49
32 75 66 58 31 83 18 64
88 49 104 14 74 10 4 81
90 59 56 69 49 33 64 76
91 7 67 73 7 69 80 75
70 21 15 37 58 74 102 34
85 81 84 30 58 1 69 71
3 15
5 20 40 42 16 2 11 10 32 45 7 13 2 14 13
4 39 11 18 26 42 10 12 1 36 15 40 19 37 39
16 8 4 40 9 37 35 17 38 11 12 11 27 19 40
18 2
4 26
28 18
28 33
8 35
28 23
29 19
16 23
24 16
34 11
28 8
25 28
28 2
1 23
15 23
7 36
36 15
34 12
12 4
20 1
12
2
19
9
5
12
7
3
8
2
16
4
20
12
6
14
15
4
13
3
20 17
248 245 30 116 126 293 141 159 187 155 95 301 9 13 336 132 250
83 211 123 31 315 308 8 111 41 78 189 103 327 114 36 210 272
211 221 220 251 297 273 220 147 308 304 299 249 262 251 237 126 237
197 266 263 116 185 46 243 330 273 306 245 204 17 227 260 184 209
53 136 126 313 29 21 4 185 144 282 166 174 273 136 167 204 262
226 132 245 98 171 266 155 182 102 292 30 294 233 187 297 193 329
69 43 89 142 113 330 17 176 97 180 172 198 232 185 182 131 147
290 11 138 10 340 268 211 244 69 235 60 255 288 259 50 330 287
252 306 93 195 189 291 43 221 215 283 40 136 187 261 186 202 105
150 127 27 204 38 21 297 210 304 124 40 172 255 253 282 122 15
215 57 89 55 24 177 198 123 63 193 257 57 169 315 20 87 247
177 305 68 322 6 158 182 202 199 263 211 77 70 223 28 284 68
284 280 200 52 270 47 330 319 227 236 292 92 64 300 141 294 100
308 53 24 301 165 118 205 320 100 339 149 187 122 102 80 179 190
2 46 293 291 116 255 321 92 315 254 1 213 146 225 260 220 188
232 62 334 127 179 305 105 83 286 282 307 99 8 158 201 167 268
185 253 65 249 68 30 109 31 147 299 264 147 6 171 256 316 45
188 49 25 287 93 153 49 304 123 263 245 216 8 139 148 308 308
129 4 304 254 60 73 242 317 97 204 161 108 116 142 314 159 221
299 29 158 25 46 277 188 168 179 229 133 245 268 124 241 101 29
4 16
54 55 46 17 14 63 8 34 59 47 59 54 21 21 64 19
53 38 32 35 43 51 1 34 24 10 9 36 27 38 58 35
8 58 2 28 31 37 62 48 11 35 35 42 35 14 13 30
54 22 6 34 40 13 10 52 5 38 10 23 46 40 11 59
9 18
104 118 99 56 46 3 105 68 13 38 102 87 48 116 30 100 155 12
153 27 139 148 158 16 34 86 10 115 57 51 26 103 87 103 122 62
157 114 111 96 16 15 126 19 39 142 161 126 134 70 27 62 133 34
20 67 48 47 1 147 31 26 37 137 89 64 145 66 26 14 92 42
46 103 78 137 111 68 15 102 21 160 74 102 134 159 26 86 130 14
73 156 52 88 126 113 29 94 113 46 79 65 41 77 73 45 124 153
52 104 2 54 28 136 66 134 89 89 104 35 145 138 93 61 111 103
95 16 111 51 85 42 21 133 88 122 142 136 2 96 131 130 88 152
108 132 37 60 83 96 148 3 121 67 115 121 71 34 145 63 42 114
3 10
8 30 19 1 13 30 8 25 2 6
13 1 26 12 21 23 7 20 7 24
21 24 13 3 25 17 1 12 3 24
7 6
13 9 32 10 28 40
29 23 18 31 15 17
6 35 19 38 28 24
10 26 15 10 1 35
14 42 1 39 14 20
30 16 4 26 39 17
36 18 10 27 5 31
18 16
191 251 141 122 135 288 185 116 228 256 227 164 13 115 57 60
169 75 53 124 82 169 116 189 219 157 38 257 142 184 286 21
238 143 104 31 91 271 186 202 148 215 259 107 279 278 225 176
132 258 143 196 96 114 90 129 84 57 53 114 181 159 131 260
95 126 81 233 27 118 102 168 96 173 210 4 213 39 4 103
181 285 152 75 171 125 45 6 60 62 21 143 36 223 101 209
248 219 204 107 139 106 161 33 76 119 85 163 76 25 263 279
158 177 22 165 87 95 81 288 277 1 138 12 28 106 170 208
283 58 62 218 206 127 142 265 28 40 142 91 192 98 46 51
197 49 44 102 202 45 169 67 5 246 121 156 100 245 20 22
78 240 10 265 40 106 211 52 148 85 259 256 276 180 285 175
268 18 191 225 133 217 251 131 270 208 37 84 285 84 232 181
148 241 180 141 94 93 146 118 248 209 56 40 204 165 151 95
25 7 81 107 15 56 201 116 214 99 19 8 174 122 42 99
112 111 96 218 148 13 144 4 76 80 271 229 110 103 129 56
111 260 232 152 42 158 152 11 31 100 37 171 185 221 94 275
72 128 19 163 269 237 176 144 244 39 110 107 123 239 95 236
209 190 136 123 90 94 75 90 143 262 257 50 34 272 199 281
15 8
80 93 85 67 104 72 12 98
24 104 49 25 77 113 77 96
3 105 20 54 79 7 9 21
3 89 110 94 90 105 88 18
3 108 10 74 42 23 48 99
9 86 52 17 87 10 62 23
79 29 3 49 25 69 32 38
117 43 80 117 59 72 49 114
72 99 13 117 3 33 53 112
118 81 71 75 120 99 48 62
47 116 20 34 51 32 42 20
109 117 13 95 54 88 77 101
92 87 69 50 7 66 69 5
114 95 95 91 117 96 6 10
23 18 107 111 89 77 34 52
14 19
15 5 174 169 78 54 188 130 149 33 132 5 263 167 103 87 197 181 94
137 72 21 248 259 265 234 203 60 23 71 214 218 245 252 153 178 92 140
204 147 136 91 9 66 201 26 176 148 90 264 229 59 171 126 149 254 146
126 251 175 249 12 94 23 147 124 37 139 153 174 3 187 215 91 165 145
107 99 126 14 81 164 185 64 47 186 84 16 265 147 22 63 179 263 91
204 92 70 209 182 17 196 80 202 73 179 40 117 228 259 51 174 101 65
100 32 184 265 136 184 60 233 58 232 43 137 255 82 84 214 212 142 122
75 159 127 44 156 78 2 90 208 35 202 7 33 154 264 54 53 254 9
86 50 63 76 245 13 217 200 222 197 98 89 166 54 240 39 74 30 162
88 205 149 55 55 248 114 37 114 85 93 76 133 98 150 70 43 158 92
84 182 91 157 35 3 173 218 62 46 74 130 124 205 39 113 16 208 2
25 63 250 231 29 228 235 89 203 244 51 136 1 216 249 124 237 174 117
147 90 166 109 15 256 176 18 25 243 80 248 16 206 154 149 146 208 245
258 152 16 265 223 68 26 43 264 248 122 1 243 82 230 264 243 96 15
11 11
72 79 82 1 26 51 12 66 74 27 74
65 76 110 96 4 69 117 105 107 53 63
75 54 88 3 35 92 37 67 40 14 33
85 7 65 88 57 85 14 117 1 48 19
75 4 98 50 55 13 73 96 85 1 17
44 51 97 12 15 100 5 91 53 81 18
100 23 39 109 119 21 106 63 85 3 57
46 113 18 114 79 43 111 84 88 31 95
74 121 55 91 62 34 61 6 90 88 44
119 78 11 100 2 61 49 11 87 119 26
65 106 61 82 74 32 43 65 90 44 112
12 12
39 104 138 106 42 10 61 72 102 20 54 4
129 61 131 2 48 66 52 104 130 23 132 93
29 4 82 15 51 65 112 116 16 44 39 137
35 23 37 38 55 47 133 34 76 70 137 3
119 34 37 29 83 111 27 140 50 143 79 141
52 114 119 86 66 49 113 38 8 19 97 119
93 51 21 112 144 121 38 55 16 52 29 84
8 9 96 112 86 101 88 44 71 46 48 110
112 72 44 103 75 36 68 32 12 131 91 18
15 120 32 20 49 11 96 63 103 9 134 62
78 25 49 49 32 74 80 33 48 56 28 110
18 61 114 3 90 36 108 75 47 56 122 77
16 15
98 51 227 67 130 217 142 15 190 224 36 152 58 18 147
210 133 176 32 34 96 230 233 233 186 176 99 110 169 55
149 9 199 164 112 236 103 213 185 92 66 109 21 221 227
101 32 45 171 64 9 182 97 141 142 135 170 197 63 204
144 20 130 137 67 69 35 214 57 38 21 84 35 139 41
30 173 62 153 187 193 100 210 159 138 74 28 81 96 238
152 135 132 155 197 222 153 172 110 6 189 129 195 122 51
207 19 157 79 66 147 128 61 94 189 112 126 99 104 76
143 223 176 228 136 125 146 237 79 75 151 1 134 137 90
99 103 93 119 208 122 4 161 113 177 211 128 77 17 75
102 171 173 27 205 5 144 239 191 217 119 231 160 73 73
114 156 194 212 153 41 233 228 40 24 1 178 39 30 58
184 215 57 19 77 215 225 224 1 38 237 199 6 99 143
164 201 129 221 172 172 134 93 30 225 147 204 149 133 157
139 75 198 57 198 200 178 215 226 184 94 165 83 58 80
165 135 164 234 153 195 68 180 42 104 33 116 23 145 209
4 11
11 4 32 39 5 41 18 27 15 4 12
1 31 19 21 3 1 2 5 14 28 35
36 43 8 28 9 30 38 36 8 23 6
41 9 37 5 26 19 18 25 22 10 29
10 5
45 48 39 39 49
48 29 6 1 30
45 10 3 38 49
48 35 44 31 12
35 27 35 22 9
11 42 38 18 9
12 29 14 36 46
8 41 48 13 28
23 50 24 38 25
23 4 6 39 33
10 7
29 49 27 15 18 20 18
34 33 21 70 54 68 20
69 26 16 5 59 4 35
3 49 56 34 65 21 66
25 52 63 10 8 50 62
58 65 31 33 61 52 3
37 55 15 30 39 69 12
31 64 29 70 51 28 59
1 50 26 45 17 53 27
15 21 61 53 40 34 46
19 3
29 28 19
28 15 6
22 10 33
31 41 2
6 31 12
43 24 7
13 23 46
17 33 46
27 41 45
14 52 16
56 30 30
42 31 3
14 24 25
47 8 3
8 29 38
42 57 54
15 31 4
35 28 3
28 27 45
13 2
19 20
6 9
17 17
3 1
15 24
19 10
5 4
4 15
3 26
18 21
19 12
18 17
16 17
2 2
4 1
3 2
8 14
100 66 42 23 102 37 52 59 45 64 44 26 21 76
48 44 63 31 90 98 5 10 47 13 56 46 18 108
53 60 102 111 86 8 16 29 100 89 74 30 74 16
36 54 102 50 102 31 8 35 80 49 29 81 50 65
69 10 55 67 80 107 60 77 23 87 47 10 87 96
50 56 56 100 47 15 60 55 102 78 67 73 65 67
43 68 88 38 5 37 32 66 2 36 111 34 45 81
43 5 97 45 32 77 75 34 112 57 11 96 100 44
12 14
41 18 3 145 46 144 20 3 74 101 47 99 114 24
130 148 160 63 24 5 23 97 95 85 19 41 135 105
101 119 46 52 108 133 129 42 56 35 109 40 39 135
76 83 90 100 51 3 18 78 159 108 60 112 127 90
36 130 37 38 133 18 87 33 102 149 122 11 57 26
78 153 5 132 60 17 139 51 139 131 21 85 122 5
114 165 97 3 151 64 152 2 159 73 89 136 19 56
17 89 141 35 129 160 150 153 123 144 72 79 104 142
61 65 118 166 70 110 127 6 104 32 124 146 168 151
96 125 55 26 90 16 113 145 131 3 96 137 29 70
141 45 52 18 38 21 142 88 67 22 93 85 27 110
70 26 83 74 106 52 6 45 26 100 161 167 79 132
17 5
2 47 32 44 65
2 68 34 74 75
27 68 6 85 49
3 46 5 84 77
47 81 26 48 80
55 45 33 37 68
72 58 5 46 67
71 78 3 24 32
78 36 85 4 83
25 37 80 77 49
78 82 76 42 14
49 21 83 76 18
75 54 83 48 65
75 78 22 21 35
46 15 45 46 73
76 11 30 75 66
1 16 35 49 77
10 18
47 90 19 96 144 66 129 14 156 108 87 69 112 70 157 13 26 97
138 47 129 104 40 79 85 145 116 42 94 30 14 65 89 167 109 130
118 126 127 167 77 15 128 53 3 137 42 167 52 82 82 28 71 7
149 28 21 125 26 54 176 129 128 91 53 126 52 19 66 168 125 89
169 41 92 145 60 164 70 66 178 163 141 107 176 70 100 111 43 51
27 68 102 77 120 45 91 71 7 160 65 169 138 147 29 167 16 107
168 107 11 75 33 61 26 19 64 134 56 116 142 109 89 65 156 99
58 137 144 143 123 164 2 54 21 20 121 79 95 72 29 169 76 152
121 4 102 60 171 67 73 172 63 109 125 49 118 107 138 80 135 136
80 36 16 12 85 6 152 27 47 99 64 136 121 39 156 50 88 107
13 13
67 41 31 2 27 32 76 26 25 154 13 23 66
122 33 29 135 135 104 78 51 137 87 115 162 30
110 166 65 117 152 125 129 72 161 134 128 128 106
44 90 88 139 68 110 12 27 40 55 11 150 152
145 145 90 141 90 151 34 49 6 2 34 158 30
148 108 35 65 65 125 79 28 25 82 117 141 15
11 77 81 2 136 126 74 126 161 153 156 24 48
76 122 81 97 98 94 42 40 19 96 64 34 54
62 40 116 51 129 95 151 39 5 117 19 161 8
79 90 95 14 57 49 72 128 76 143 8 107 20
140 143 21 78 5 121 131 148 69 76 34 48 33
93 40 140 149 21 47 64 74 123 39 91 151 42
141 17 132 71 13 7 1 90 135 14 47 48 39
4 16
61 48 33 37 42 48 45 34 2 14 26 49 61 64 17 39
49 29 45 34 18 2 17 20 39 54 23 52 15 23 8 1
16 48 35 64 24 42 24 19 4 2 26 29 30 10 19 53
27 28 42 35 45 53 20 7 20 10 63 8 49 41 27 3
5 14
1 59 68 45 45 25 24 3 22 32 47 6 59 1
8 69 5 21 41 30 22 64 22 49 36 34 53 59
15 16 68 59 1 59 42 16 47 46 27 64 33 30
56 40 32 22 17 6 70 61 50 62 18 68 56 64
5 27 3 63 51 24 18 52 52 6 32 15 46 15
20 3
51 12 10
51 31 52
18 5 22
18 10 56
29 50 44
59 3 34
50 49 6
55 15 60
15 11 24
58 36 59
44 33 51
16 17 50
53 53 12
45 14 27
32 19 21
20 44 8
48 6 43
23 37 15
40 9 53
24 16 15
6 11
36 29 2 32 59 25 2 39 25 13 21
64 7 35 43 3 12 48 23 49 58 22
44 25 44 12 28 40 29 7 30 8 30
1 43 66 48 28 5 38 22 11 40 1
63 18 22 61 48 60 50 27 23 6 40
18 51 58 28 12 27 49 56 52 20 52
3 4
7 7 12 4
6 8 11 10
12 10 8 1
1 16
12 2 3 15 14 15 16 3 6 9 15 16 2 2 15 12
9 12
62 22 90 106 17 99 17 67 54 82 92 68
29 71 17 59 14 46 59 3 16 106 89 88
13 15 95 99 74 102 20 65 89 61 1 80
80 24 8 83 32 18 57 76 83 14 20 92
24 67 74 47 12 38 77 65 43 87 1 64
58 46 15 73 92 81 73 62 83 96 34 79
15 28 101 50 22 57 33 60 108 106 92 9
79 3 100 11 80 15 51 72 97 96 47 2
38 13 78 74 38 78 68 89 87 63 79 89
2 11
13 7 18 22 10 18 19 20 9 2 22
8 14 20 13 16 3 12 12 1 8 9
10 3
10 18 1
15 23 6
14 27 29
15 15 29
16 13 12
20 25 8
30 12 22
11 7 29
22 13 30
3 3 25
6 15
66 9 37 66 1 62 63 20 33 3 6 61 36 25 84
57 29 53 59 18 18 63 20 80 77 32 21 79 67 71
49 26 11 62 11 3 63 40 11 37 5 33 73 69 18
53 58 44 31 8 78 68 49 53 76 84 83 73 73 78
70 4 65 1 28 38 54 40 49 87 72 40 46 58 48
31 49 75 22 20 56 19 76 12 41 34 47 38 50 20
10 6
58 15 24 38 16 58
50 7 55 35 43 25
49 37 33 35 7 54
57 1 10 15 56 13
54 52 56 18 41 43
55 23 37 9 41 1
60 50 10 45 29 51
15 57 55 53 17 13
58 41 27 54 26 35
48 19 48 16 10 12
13 18
54 214 47 28 47 62 207 218 215 50 157 224 102 123 19 126 193 201
40 145 227 90 56 168 6 136 147 42 190 13 43 90 60 115 139 195
59 166 182 192 72 12 201 164 24 104 89 29 197 142 11 107 102 180
95 7 166 80 225 152 50 48 135 121 74 226 123 54 167 176 209 126
2 228 143 92 84 78 49 54 17 145 2 119 172 99 120 90 70 115
122 135 106 172 212 139 7 49 160 99 115 199 88 139 62 184 127 190
39 164 90 81 4 208 53 114 220 41 48 34 88 58 157 98 183 212
230 40 224 133 228 66 90 119 158 33 45 164 31 141 211 51 5 164
109 101 233 139 132 78 63 11 128 22 83 183 64 88 144 36 78 20
12 96 63 209 43 130 80 225 140 195 43 109 99 39 217 200 27 115
170 163 157 35 209 155 38 24 101 12 31 86 99 28 184 205 14 208
81 232 180 29 60 154 90 1 68 199 161 183 211 11 29 171 97 109
103 87 101 11 22 195 24 214 203 26 119 55 155 118 125 206 137 8
10 15
2 114 23 24 2 103 2 130 104 3 62 63 74 114 4
39 101 149 120 104 98 74 118 38 31 54 99 140 68 62
18 136 95 99 75 96 96 35 59 82 108 120 82 16 61
108 29 1 64 138 37 52 76 93 125 96 101 149 2 78
118 113 53 23 126 150 9 53 126 93 12 124 47 72 43
3 140 44 55 73 7 26 94 84 61 3 108 12 55 110
81 70 46 36 93 1 88 38 133 17 16 89 61 39 125
136 50 131 107 143 48 53 25 144 79 148 11 136 65 6
82 101 45 88 5 14 63 109 25 128 107 53 124 17 66
16 62 138 56 63 124 74 107 33 103 105 133 36 41 56
12 5
51 50 1 43 8
59 40 39 42 16
26 15 16 3 27
26 4 25 24 43
27 47 60 58 11
2 3 7 49 9
29 52 56 17 18
28 60 53 2 27
24 12 25 53 9
44 40 55 39 20
34 4 2 57 7
53 7 3 50 45
15 8
96 120 93 63 25 11 80 40
95 36 71 15 113 39 36 50
9 114 104 99 35 10 36 91
26 48 119 25 66 68 24 44
104 28 3 48 117 73 1 64
89 94 63 1 117 53 57 39
81 104 39 87 67 73 45 95
73 7 89 93 46 21 6 115
56 97 85 68 27 22 115 54
62 62 13 4 82 119 15 102
27 56 109 7 56 97 9 75
68 69 115 91 47 21 87 62
54 33 103 54 22 109 73 61
113 87 12 58 63 33 44 67
61 71 61 88 35 46 60 82
11 18
124 54 68 88 3 2 59 95 194 125 145 16 171 184 105 87 126 121
192 84 24 28 70 34 155 190 170 49 105 142 46 71 25 19 21 151
142 110 155 116 191 74 73 18 157 123 2 65 120 129 135 30 30 36
98 187 129 26 69 2 139 19 172 21 112 102 86 172 152 148 49 146
90 7 189 56 4 122 140 140 65 113 85 143 124 95 122 197 160 63
91 119 144 81 43 106 7 26 74 24 47 170 31 63 101 61 147 116
185 109 41 9 119 28 118 176 161 139 98 133 183 189 27 144 195 182
160 113 187 98 32 83 81 192 116 94 187 163 86 180 28 55 52 101
22 140 113 85 187 9 65 79 115 77 56 75 38 133 73 149 169 36
181 86 16 61 54 161 179 81 60 163 151 171 137 32 181 170 98 94
82 79 67 196 138 166 149 21 33 67 33 105 22 195 32 16 78 66
7 19
30 61 88 85 39 83 96 63 7 57 125 1 78 73 59 76 48 91 18
130 8 63 57 19 64 99 104 13 70 58 23 15 44 24 74 95 132 105
36 59 25 48 110 51 54 82 19 34 95 80 15 85 36 116 119 24 64
59 131 65 87 31 86 13 81 104 85 98 98 99 44 41 18 40 38 45
120 103 8 92 45 69 7 94 35 43 55 53 16 27 79 115 13 75 112
61 59 117 123 75 79 122 97 93 83 12 131 2 71 13 52 66 55 37
13 35 28 20 98 115 118 124 112 108 106 64 107 68 98 7 71 60 60
15 15
159 71 39 60 162 70 124 162 117 9 53 16 124 197 95
111 62 88 33 106 156 75 196 50 221 191 86 63 124 191
143 157 112 73 132 70 168 145 44 52 5 55 171 204 94
122 99 95 169 139 222 210 51 20 163 201 207 127 210 23
82 17 18 161 138 46 150 225 210 133 24 203 103 143 104
63 79 223 118 192 114 215 112 145 50 40 35 134 212 99
11 129 155 6 129 11 190 130 37 12 107 166 197 190 107
131 131 16 33 6 127 201 113 209 110 72 195 92 43 189
126 28 14 212 202 56 48 50 161 50 164 51 129 214 72
222 198 60 101 136 92 43 208 201 109 156 103 33 104 194
99 109 60 75 42 68 217 187 103 176 220 188 76 95 49
152 165 170 168 26 108 75 117 2 73 139 175 216 193 21
41 25 114 131 223 196 22 177 52 153 66 151 170 104 182
95 204 66 139 207 214 199 37 198 108 161 62 2 131 31
49 98 173 49 31 78 170 113 189 18 36 42 151 152 118
8 7
50 54 32 20 22 28 1
51 36 10 40 39 44 3
5 9 23 55 49 15 14
54 24 1 25 9 43 15
12 38 52 18 43 30 10
54 30 36 21 40 39 28
19 42 48 37 1 8 50
45 37 46 9 55 24 56
15 15
148 184 57 2 13 106 166 41 224 19 13 60 39 110 94
195 195 109 122 11 208 127 104 190 155 68 120 42 164 160
84 35 63 135 80 125 32 188 159 160 203 217 144 125 71
16 111 189 158 65 6 96 208 180 156 51 60 57 165 68
182 217 221 15 31 211 18 102 16 154 15 56 57 134 44
147 109 163 59 138 176 137 53 23 128 26 84 135 102 148
55 180 84 70 160 180 70 28 146 17 48 117 127 107 68
90 194 73 155 193 50 9 171 217 84 108 29 102 19 164
22 72 27 28 76 116 108 185 97 159 115 210 154 217 175
143 143 48 33 122 21 93 108 222 171 99 206 124 36 221
151 220 157 144 22 110 48 171 152 136 17 191 184 141 65
50 156 120 170 113 212 173 12 77 85 148 59 139 120 64
15 20 203 186 148 100 79 208 13 47 90 178 222 186 142
20 73 78 40 70 14 97 72 98 205 102 102 90 203 113
160 117 121 121 39 187 52 200 214 127 46 20 103 83 112
2 14
7 16 9 14 13 16 28 21 13 9 8 8 20 22
22 15 15 26 6 19 28 14 9 16 5 13 14 10
19 7
99 13 57 4 131 2 100
19 64 36 46 90 37 102
18 39 9 70 24 17 45
122 116 77 56 59 88 30
80 29 110 15 19 25 27
34 53 88 90 1 90 116
2 28 90 19 47 28 98
90 109 50 69 76 99 51
55 116 30 47 18 48 107
8 64 104 94 17 7 121
94 31 6 123 55 50 87
74 109 69 68 36 119 97
107 45 102 62 15 32 36
41 71 9 95 22 90 90
110 49 61 35 108 22 4
96 53 125 33 15 109 33
127 13 120 128 67 128 38
21 60 52 122 38 75 61
73 10 24 63 132 50 116
11 8
30 17 45 54 71 60 8 84
7 85 3 5 32 59 5 47
86 11 45 1 68 9 72 81
65 22 33 58 53 23 83 38
69 21 26 60 6 46 56 46
30 32 83 66 22 53 83 11
43 55 74 75 60 2 36 79
38 64 53 47 11 5 2 41
34 88 79 48 39 58 16 54
83 14 3 3 30 61 82 17
25 20 63 78 40 5 17 85
16 3
19 41 15
27 42 39
48 28 31
7 15 2
35 46 11
35 39 36
30 38 46
45 2 38
10 6 28
47 3 45
39 8 22
29 12 44
42 5 29
7 14 20
33 26 30
4 25 28
16 16
124 153 130 48 106 157 195 92 154 62 206 69 16 152 100 120
149 161 140 150 108 104 90 68 192 148 237 62 195 159 195 206
201 170 206 69 63 126 174 36 94 8 127 244 65 66 230 150
78 28 29 9 222 45 177 202 70 52 212 145 231 188 42 250
185 154 249 198 69 37 6 212 62 244 194 42 224 87 249 58
5 1 111 17 192 93 114 152 237 214 60 238 166 219 128 141
38 225 14 9 216 222 180 110 39 214 216 173 113 204 132 154
92 134 215 122 29 164 68 143 199 100 123 96 223 45 256 120
112 48 109 131 7 190 197 69 131 180 109 152 78 179 114 110
141 32 248 82 182 94 59 30 117 203 119 246 164 151 1 238
110 134 120 179 79 136 63 81 60 215 232 11 154 112 234 114
6 126 123 116 52 129 197 156 244 185 141 91 178 195 210 63
224 167 119 238 101 64 61 50 107 215 9 72 108 58 239 56
217 13 55 46 180 113 14 148 75 150 13 41 110 170 51 62
243 90 37 135 166 220 196 96 42 24 96 219 174 88 216 201
107 156 77 142 47 53 105 120 165 34 195 124 207 41 250 185
9 4
36 9 26 15
30 19 33 7
22 20 2 19
19 14 8 8
19 13 6 29
36 35 18 14
17 21 14 21
3 12 18 26
17 12 5 30
15 7
50 3 55 15 58 26 94
37 102 47 59 1 4 34
97 3 91 33 40 94 74
94 58 3 28 36 37 41
1 23 93 76 70 104 80
88 21 70 32 28 91 81
102 85 55 86 61 75 76
26 54 100 73 43 41 28
99 51 22 82 38 78 57
53 26 55 89 92 47 4
87 30 95 31 104 91 55
75 86 103 40 29 55 14
74 103 94 28 51 35 101
98 5 46 13 81 100 26
73 32 39 96 39 98 95
6 14
18 74 31 46 30 59 67 71 24 48 84 13 20 58
2 10 78 51 14 62 53 36 63 79 4 47 38 16
28 30 47 49 23 7 56 68 29 61 48 11 14 2
25 66 72 7 24 30 75 13 70 20 54 64 25 52
16 21 47 6 73 50 75 50 60 55 67 44 22 29
7 15 69 34 80 7 79 12 36 74 61 18 29 48
4 5
5 19 3 17 14
18 19 8 8 2
9 4 20 15 18
4 6 6 13 13
7 20
89 11 49 127 121 124 81 76 107 18 132 124 37 97 86 76 115 107 35 57
73 99 135 138 24 85 54 105 130 39 133 16 83 62 128 12 103 17 45 89
129 40 18 46 42 85 79 92 100 55 43 50 118 51 25 3 37 4 38 91
3 44 2 125 100 109 65 98 51 110 49 84 65 14 94 133 101 31 85 127
14 20 38 61 66 70 29 132 60 129 107 13 10 39 67 42 65 118 96 24
45 95 50 63 112 48 21 26 100 105 113 39 10 111 21 35 71 70 39 7
21 13 81 126 129 93 6 39 21 7 116 131 93 35 58 128 20 46 79 37
5 20
49 17 87 43 63 20 51 84 59 54 57 63 20 19 98 2 69 64 40 11
45 7 87 84 59 37 37 88 75 53 22 80 99 38 62 28 33 47 71 55
57 83 35 59 27 92 39 2 83 73 3 35 13 91 67 60 91 40 37 75
26 43 1 45 66 24 86 91 47 89 47 53 89 8 67 2 99 99 61 81
28 42 5 33 26 79 4 8 88 83 55 66 11 66 51 38 50 85 39 55
12 17
35 204 96 3 30 186 171 3 172 74 12 202 203 79 101 12 8
187 137 20 20 170 56 55 180 149 135 191 98 72 85 108 23 125
28 90 63 89 76 166 48 26 131 27 156 201 133 58 109 195 3
78 102 110 67 161 56 180 134 96 126 154 70 125 187 28 111 28
19 183 94 33 41 33 18 85 72 125 75 108 84 174 68 132 177
58 48 109 23 27 49 202 136 102 46 197 115 9 96 40 161 10
204 195 135 163 23 166 180 125 43 22 161 89 53 88 19 98 52
78 165 100 54 63 183 159 186 191 66 11 151 108 6 140 23 196
114 91 40 199 187 128 120 157 140 16 79 29 131 70 103 33 181
121 120 54 32 125 98 120 46 139 108 67 165 13 175 133 118 187
148 32 66 11 143 97 157 162 57 146 170 11 109 70 77 32 111
82 197 189 77 60 97 117 16 68 34 175 131 70 138 61 87 41
8 12
59 49 76 17 55 49 54 24 85 24 19 78
79 41 41 14 20 50 17 69 49 41 86 44
28 18 44 81 93 62 74 17 90 78 69 67
93 53 43 46 36 27 57 90 68 30 57 36
59 82 92 11 17 41 48 39 74 78 94 25
75 75 35 93 38 11 8 93 67 58 32 63
13 8 61 95 23 44 48 55 73 37 27 58
11 60 52 64 44 69 89 91 15 37 11 41
19 1
12
1
5
2
11
12
14
13
3
11
12
1
11
10
4
13
12
11
11
10 3
10 9 4
3 7 27
10 13 6
7 1 7
14 25 23
9 14 26
11 27 18
13 2 12
12 1 15
13 10 5
7 5
15 21 19 17 24
33 20 29 9 19
5 4 15 19 18
21 31 12 32 10
1 4 2 10 11
23 8 17 9 30
7 10 8 18 22
16 7
16 17 8 63 62 54 54
34 30 8 23 17 110 43
36 24 84 108 46 105 63
43 47 9 104 102 31 36
20 38 63 1 41 82 102
64 74 81 54 95 17 110
42 60 56 36 110 5 37
24 27 75 47 54 46 37
33 4 51 65 90 51 99
101 13 3 23 84 76 70
40 92 93 77 5 59 38
46 64 34 58 103 22 34
64 109 56 3 108 77 58
52 108 83 40 92 81 57
16 95 88 55 96 44 100
57 61 83 10 14 29 68
5 16
2 66 51 17 67 23 61 21 40 1 31 43 17 74 24 6
20 21 1 72 34 52 44 38 21 7 41 23 8 15 68 43
51 48 31 73 65 21 40 32 48 77 38 15 68 51 21 80
8 75 12 30 18 8 71 72 18 75 22 14 39 22 65 40
78 15 38 70 24 80 33 34 54 59 7 50 19 42 62 73
15 8
76 93 100 20 99 3 119 108
22 86 116 119 59 103 78 3
61 111 42 117 52 39 62 15
59 40 28 92 94 79 85 93
22 112 20 36 67 83 48 52
77 92 29 76 46 68 7 89
7 38 44 88 46 28 93 53
41 15 89 53 58 13 7 104
62 12 61 59 115 45 34 42
14 68 44 66 47 36 38 27
58 119 106 5 34 3 71 50
107 32 103 73 92 62 112 19
112 116 45 30 40 43 120 31
14 41 118 28 40 41 47 23
87 55 40 7 36 49 15 25
18 13
82 36 176 234 29 221 187 71 86 165 88 110 198
150 135 223 197 234 179 218 72 91 25 63 80 55
118 119 55 96 216 156 58 137 142 104 21 47 214
158 85 93 231 137 23 58 216 211 49 150 99 53
38 153 198 192 55 205 210 233 226 130 122 46 43
101 98 105 136 211 234 96 207 14 174 180 11 199
66 87 8 11 132 102 120 101 137 68 91 159 34
34 169 174 108 58 79 22 43 221 93 161 84 196
54 70 41 50 138 61 99 178 9 25 120 22 40
146 211 2 203 73 85 217 44 142 78 84 85 190
224 103 227 19 214 11 151 66 46 154 171 138 48
108 64 71 183 205 212 67 185 101 148 122 80 70
52 36 224 232 173 172 215 155 233 83 55 182 142
110 47 194 67 121 174 232 85 99 226 168 78 15
131 80 144 213 108 43 6 139 169 155 180 95 230
60 168 199 199 94 85 103 152 106 166 18 91 220
48 65 141 68 211 28 100 187 47 14 46 144 183
154 4 121 31 71 89 164 46 64 173 36 29 187
12 18
152 60 14 103 167 22 118 27 52 102 105 2 132 91 57 89 148 123
148 26 75 188 184 86 140 121 124 205 150 40 150 178 65 16 166 82
87 207 182 10 213 169 108 216 5 150 94 202 114 82 9 83 110 112
150 20 195 144 146 39 124 37 56 190 40 212 45 2 43 6 23 80
216 134 99 78 126 6 65 83 110 172 159 20 31 114 71 210 150 27
5 89 213 193 186 212 166 100 6 204 205 117 85 71 55 104 153 53
179 160 87 142 180 84 145 120 16 55 207 212 160 94 163 119 59 66
184 63 169 213 174 195 50 105 45 189 137 108 18 156 72 48 75 9
25 103 11 147 78 155 59 78 141 75 150 38 36 138 14 146 85 210
32 92 30 190 65 77 191 76 76 212 177 161 65 167 96 103 59 186
44 106 94 44 114 184 74 130 2 14 65 211 76 95 57 58 188 119
119 18 215 78 73 116 41 49 93 27 165 42 203 129 216 7 83 194
18 4
53 30 34 66
20 21 21 57
69 26 66 34
66 58 53 30
61 54 70 50
51 3 29 51
63 35 13 8
64 69 58 56
33 7 24 49
2 59 9 18
48 8 67 1
70 63 44 14
70 46 50 33
56 18 44 63
21 13 6 7
32 71 37 34
66 56 48 33
9 35 46 1
13 11
104 32 95 98 115 97 101 142 108 136 15
122 36 32 109 138 71 79 140 143 41 124
114 92 133 79 29 53 39 135 97 30 108
63 19 75 142 8 114 80 20 142 130 28
118 27 121 116 67 62 10 41 34 59 55
2 106 91 6 31 27 40 53 23 59 103
50 24 81 64 57 91 13 51 140 114 104
121 72 23 48 71 71 48 4 62 25 122
25 59 2 56 76 91 38 112 54 82 70
35 49 75 136 98 37 86 35 98 143 90
23 56 122 90 81 121 135 52 51 117 77
50 8 143 34 24 14 3 113 15 73 64
130 143 74 39 73 70 112 39 112 142 72
10 8
43 76 22 19 69 75 18 48
38 27 22 18 11 11 44 27
16 70 72 11 52 28 66 67
28 11 14 40 52 75 77 55
15 19 12 47 79 75 74 63
80 47 40 77 31 60 73 32
57 42 40 27 46 6 40 55
68 75 70 43 55 77 11 43
62 33 79 26 41 60 71 28
22 23 63 29 67 44 66 24
2 15
24 23 15 18 19 23 17 27 13 25 5 15 21 5 7
1 1 18 16 5 7 26 8 1 21 7 8 26 29 19
8 14
22 61 25 97 44 90 112 9 63 81 105 94 91 45
43 83 24 46 58 20 15 1 37 19 44 74 60 7
78 32 15 45 12 86 66 58 98 66 29 46 56 43
47 6 100 100 66 47 6 63 73 98 65 96 70 16
74 95 89 107 56 73 3 14 12 20 105 74 58 109
51 31 37 96 52 83 88 3 36 50 17 64 88 98
72 45 51 17 29 73 54 93 112 21 84 64 10 12
17 86 89 96 24 13 72 35 58 56 108 64 36 64
15 8
98 119 72 27 120 50 65 75
64 106 82 7 85 7 74 41
54 34 34 24 30 45 54 1
88 106 44 21 119 101 34 119
92 110 20 40 41 31 18 57
106 110 80 28 83 79 112 80
68 98 50 95 2 36 91 13
7 53 35 103 105 69 64 54
48 75 57 79 17 44 13 72
24 60 105 104 50 37 96 76
80 73 52 34 95 5 19 19
85 36 30 58 62 4 91 28
44 58 98 99 69 85 60 67
62 81 111 31 78 19 14 113
93 12 101 5 67 60 3 120
5 16
8 66 57 23 6 69 35 22 27 73 17 15 4 70 57 65
62 53 34 71 46 76 39 78 33 20 72 69 61 40 43 16
54 11 16 9 12 54 34 52 2 78 25 60 42 62 12 15
11 22 51 67 20 16 11 4 59 42 19 12 46 53 3 29
11 25 61 14 11 19 59 79 56 44 24 58 16 55 59 8
10 10
41 45 5 61 44 58 31 33 24 9
51 89 62 19 20 16 89 58 26 23
72 12 52 64 79 28 7 55 26 76
6 21 76 37 95 48 34 56 34 92
78 45 22 96 83 2 32 72 27 21
89 46 17 99 36 62 38 50 44 49
26 82 35 51 68 9 75 5 9 29
92 42 7 47 33 17 19 65 32 92
45 7 31 72 40 35 48 6 45 65
85 50 26 39 98 83 24 2 53 47
14 9
60 101 35 32 36 28 96 56 93
76 81 1 76 50 109 59 73 12
109 123 32 6 72 61 83 81 67
27 56 66 34 56 97 51 23 4
98 80 38 93 32 86 114 89 101
14 89 117 2 54 88 38 3 57
11 111 121 83 27 109 12 18 103
52 50 103 109 103 14 100 43 14
71 27 46 99 118 115 109 22 124
55 60 40 2 23 64 56 23 118
58 34 89 75 34 44 86 45 92
63 117 90 51 4 45 34 55 22
83 25 117 44 45 115 58 95 83
93 19 34 56 38 17 8 71 80
18 13
128 143 131 107 132 77 148 18 172 113 80 88 66
142 201 38 196 30 56 110 234 218 102 162 133 113
219 217 26 65 35 104 211 51 79 224 101 72 99
73 89 5 232 234 73 165 13 137 1 216 113 227
53 186 146 135 173 31 194 51 40 223 211 83 128
141 141 201 72 206 16 213 220 44 31 172 112 178
127 81 93 129 180 7 116 205 88 202 33 234 160
129 83 143 43 151 188 29 124 80 219 118 102 45
162 157 217 94 133 126 9 100 212 222 207 86 150
13 118 171 164 176 171 204 111 84 224 185 142 184
60 39 215 211 204 78 197 14 143 119 186 57 136
10 53 45 222 166 125 197 115 113 53 203 234 129
194 154 106 57 211 160 217 182 186 50 118 202 183
196 90 94 55 186 129 41 51 126 229 138 6 36
50 107 194 184 20 206 17 114 90 146 44 33 97
88 73 43 137 74 233 2 84 166 104 12 78 111
169 75 213 70 41 48 81 93 124 147 155 183 85
59 59 125 106 167 12 93 132 27 41 217 194 122
7 18
14 67 61 99 16 54 1 102 17 95 76 18 103 64 89 42 40 96
69 29 47 12 70 33 78 23 94 87 69 94 23 51 75 46 65 21
53 61 61 80 66 28 8 15 116 123 97 114 119 86 118 18 82 91
111 33 41 16 82 119 23 60 107 88 44 98 113 99 19 51 55 81
38 35 26 44 65 40 21 74 61 116 33 66 122 80 50 25 11 21
11 50 47 100 12 77 79 116 36 124 43 90 34 9 65 41 78 48
21 124 15 79 64 14 87 41 38 7 85 109 82 22 29 80 66 77
18 18
105 33 68 91 318 192 312 70 53 227 77 296 56 119 92 87 71 47
176 55 310 50 186 225 206 76 129 214 234 133 111 174 136 122 35 320
299 29 239 67 232 107 185 70 194 57 229 188 4 213 46 233 149 3
174 298 7 96 314 73 233 154 287 318 11 290 150 58 57 187 289 24
272 108 195 159 12 98 80 322 319 148 274 8 131 99 312 69 267 246
320 77 88 3 301 128 271 177 48 258 260 275 212 26 301 237 4 118
204 101 135 61 8 168 71 130 155 160 112 245 234 251 21 241 194 154
246 189 54 268 141 175 83 133 74 135 95 195 250 92 86 232 123 222
147 210 246 288 222 105 190 288 96 199 181 2 12 262 58 18 78 174
233 87 174 49 109 317 62 209 100 73 9 246 104 124 124 301 13 190
15 313 150 154 85 257 142 188 294 194 240 194 241 183 33 271 122 211
231 298 98 316 82 88 6 158 269 31 191 98 38 311 311 77 259 241
5 285 30 194 103 4 62 77 125 232 296 230 39 243 12 48 323 115
88 90 201 322 219 307 208 36 256 232 37 186 70 106 88 276 44 25
276 162 110 175 304 37 35 194 128 224 162 178 205 14 239 39 92 320
70 116 143 92 188 268 18 6 263 270 7 269 301 160 244 45 201 292
204 80 140 180 193 308 63 320 69 246 66 78 62 157 194 62 152 269
204 236 250 302 286 84 20 320 51 312 135 181 91 269 108 72 237 283
20 13
196 251 205 210 217 196 233 201 131 18 171 239 158
192 156 150 110 88 252 194 236 229 67 219 255 160
155 54 133 217 74 29 37 237 182 6 97 45 117
120 140 226 260 167 258 156 204 102 65 154 87 218
96 83 241 68 107 235 223 88 25 195 38 18 174
8 188 175 225 24 31 114 67 24 28 200 170 91
95 25 61 146 66 17 141 153 68 131 37 141 219
30 139 84 9 209 198 43 156 53 49 254 159 39
234 195 165 247 28 189 253 77 242 180 63 66 233
164 173 139 58 46 34 242 109 118 134 259 122 146
16 191 118 139 52 191 57 155 208 139 75 224 217
157 242 89 84 149 223 131 159 236 153 146 170 239
251 170 62 158 50 85 190 121 2 14 134 25 102
69 65 196 120 254 171 88 107 20 247 207 100 235
96 153 76 213 234 158 231 83 108 131 34 104 52
35 123 252 71 223 27 259 181 63 166 156 204 99
143 144 97 183 258 252 164 92 157 32 146 5 251
150 194 101 158 47 176 170 113 181 228 107 197 139
158 135 189 225 260 123 220 195 11 202 175 2 76
211 189 126 226 236 222 103 36 66 33 31 212 178
10 4
27 11 40 19
5 25 9 34
30 22 18 1
35 15 26 24
31 28 16 18
26 29 21 9
3 13 8 11
14 33 8 22
24 5 20 29
7 4 30 39
11 17
29 129 181 66 151 165 104 52 81 43 148 15 53 20 103 177 144
185 150 127 82 128 59 23 139 58 177 186 127 101 143 55 111 116
181 159 27 167 158 89 166 147 124 97 9 123 109 141 91 83 67
124 59 37 110 43 135 5 51 159 127 109 139 128 186 136 4 184
50 74 153 185 96 100 185 186 81 167 88 12 146 64 40 174 138
87 59 96 35 53 16 41 161 129 86 34 148 89 46 76 105 86
57 144 79 47 187 134 24 171 48 127 132 128 168 158 177 170 136
35 67 64 38 165 148 63 16 170 127 28 10 48 54 142 153 144
108 182 133 46 132 99 106 85 170 77 17 20 174 131 115 51 161
161 100 107 107 62 21 85 16 17 148 176 21 158 44 87 140 179
141 3 170 128 116 23 66 178 74 100 151 36 8 170 6 161 10
15 11
2 114 123 121 162 85 83 158 25 70 80
59 72 46 16 141 23 2 45 142 102 125
66 52 159 133 31 37 160 46 47 43 102
50 66 64 164 16 14 137 95 37 31 90
138 31 68 154 22 108 25 92 7 95 84
165 93 150 12 152 75 152 51 64 37 158
73 69 58 115 158 74 24 3 44 12 19
81 62 130 2 61 65 77 11 78 76 79
113 56 76 162 85 29 37 156 8 18 145
111 160 27 50 71 107 110 135 8 143 121
124 89 68 60 2 135 97 31 78 124 71
38 149 142 78 160 90 44 131 73 99 14
145 125 36 121 114 98 115 98 160 110 18
104 82 107 122 105 153 128 129 36 104 71
23 22 5 131 135 141 88 68 136 42 158
10 4
35 28 12 22
26 19 27 5
26 15 32 25
20 4 33 7
20 28 8 19
5 30 30 30
5 29 13 23
32 40 6 36
32 35 33 30
1 17 19 31
19 7
16 8 32 93 73 50 32
53 88 83 104 79 57 50
59 2 12 49 87 2 14
8 66 9 20 62 89 13
121 65 30 96 82 75 113
114 58 117 106 43 48 53
47 44 2 10 89 6 74
25 124 70 120 42 109 3
122 111 76 80 1 9 14
57 81 53 99 33 65 59
133 17 111 5 107 12 101
35 41 90 23 56 2 62
41 99 92 15 9 58 81
23 112 13 83 61 91 79
47 126 70 22 76 67 18
133 78 32 64 16 73 30
7 90 27 15 109 72 77
13 6 68 48 57 5 119
68 22 106 100 130 55 44
8 7
25 30 32 22 15 26 30
1 6 18 56 56 34 15
34 35 6 37 40 10 37
21 53 25 51 3 26 43
49 50 3 30 47 43 2
20 1 20 47 34 1 21
45 40 29 37 33 1 12
36 41 53 18 34 47 2
17 8
25 82 20 7 79 133 51 132
112 46 117 68 48 92 103 61
122 7 93 51 86 18 75 74
96 120 114 86 125 6 5 110
2 72 31 109 35 128 2 72
76 90 38 102 48 27 13 25
67 127 103 115 46 89 31 43
119 61 33 7 130 50 94 132
97 35 110 24 43 132 128 9
68 34 89 86 32 67 126 19
77 37 24 74 68 82 36 92
59 33 59 128 59 40 101 114
113 13 37 133 92 52 73 43
130 75 72 40 102 57 112 15
90 61 59 124 29 98 85 9
57 16 93 12 91 62 61 37
112 99 40 118 105 13 8 3
3 20
16 24 57 56 20 38 47 18 48 14 27 4 7 53 35 41 37 1 47 3
7 45 4 13 16 32 58 53 29 4 11 15 38 35 10 28 33 31 19 25
43 42 21 28 9 9 38 10 45 34 42 28 59 1 19 7 19 23 56 54
14 3
28 26 39
5 10 18
29 39 26
32 6 19
26 11 8
22 12 25
14 16 2
31 15 4
17 32 9
20 13 11
19 40 16
16 9 11
14 29 29
10 9 13
19 4
74 16 36 31
30 59 70 7
74 18 64 55
49 45 27 33
74 57 38 38
64 43 26 25
41 41 36 75
69 30 33 65
67 19 1 13
44 63 11 60
31 37 61 5
53 26 23 28
61 23 46 53
60 76 56 60
7 10 59 35
22 40 33 33
50 68 62 11
27 3 44 53
24 14 11 28
7 7
13 5 10 2 26 16 41
24 16 11 2 19 8 47
23 17 9 45 38 41 38
9 29 38 46 9 38 20
12 29 25 4 16 21 4
6 31 30 14 35 18 17
46 14 36 27 33 2 10
19 19
325 154 52 290 96 159 60 334 134 111 129 258 345 324 125 151 86 122 202
116 28 84 18 305 270 104 262 42 136 153 296 251 71 177 126 265 327 224
167 341 286 329 330 113 60 12 62 252 104 119 43 136 235 291 214 236 65
90 122 254 249 95 315 237 218 90 240 170 229 191 245 315 282 243 159 276
330 69 179 278 217 351 167 342 122 322 125 15 292 243 254 135 348 215 286
100 27 46 154 175 226 93 9 73 299 332 257 198 152 293 63 216 308 163
33 86 50 170 44 39 357 230 127 17 37 320 355 285 168 204 265 232 235
236 292 121 91 352 228 183 276 182 199 168 351 199 142 341 180 272 190 246
157 84 220 179 149 3 210 200 3 119 55 195 113 298 116 163 291 251 4
261 262 77 317 10 150 117 34 254 140 65 250 350 254 301 101 306 322 111
266 100 259 298 25 13 185 334 110 284 207 209 251 152 265 334 347 27 263
168 17 108 310 163 242 267 353 115 24 162 313 334 63 212 352 109 48 144
163 120 150 268 63 83 33 79 308 261 188 268 174 231 110 315 176 157 173
175 157 316 329 227 183 51 64 104 304 81 355 238 192 214 216 212 104 330
20 253 78 250 173 265 182 296 268 125 287 336 178 30 89 92 214 123 312
57 14 62 76 137 268 31 109 152 101 245 118 42 313 197 236 242 268 57
113 334 268 12 254 64 355 119 351 82 338 322 166 260 199 174 204 223 354
303 170 116 301 206 91 129 306 285 102 255 160 137 128 170 283 357 352 6
234 216 161 313 264 185 73 314 299 156 13 191 84 282 280 88 185 234 315
1 3
2 1 3
6 8
24 38 12 48 32 30 29 37
41 6 27 43 4 23 30 7
43 15 28 22 31 16 7 26
45 43 36 18 47 4 24 37
46 18 27 43 22 37 46 8
18 36 8 6 6 19 28 46
15 10
13 84 106 58 139 98 144 98 137 43
123 58 125 127 45 73 31 23 138 124
93 21 4 114 36 111 104 55 33 59
109 29 105 141 48 5 44 91 38 19
29 131 100 141 70 63 149 64 101 134
134 30 65 117 97 135 101 62 23 83
23 7 109 71 107 45 121 23 35 65
31 21 11 35 67 60 101 97 56 64
66 28 36 121 80 29 43 96 62 1
134 76 76 53 59 84 138 82 32 48
121 145 30 96 19 28 112 97 25 74
91 143 48 123 104 18 109 96 67 35
38 19 26 93 62 74 42 46 135 8
133 94 150 97 112 30 59 54 50 148
61 134 6 148 5 15 34 17 58 35
12 5
46 12 18 47 51
53 55 50 38 25
28 46 48 55 23
7 42 54 5 2
41 21 8 10 46
15 2 15 13 11
21 17 31 42 58
48 47 46 8 13
30 50 34 4 37
35 41 4 16 8
49 21 46 33 36
29 28 51 12 15
16 8
115 100 68 63 122 30 77 111
115 67 109 105 117 95 122 34
120 97 110 91 52 120 63 29
92 34 21 33 120 26 120 122
43 113 39 78 56 51 99 13
7 111 40 45 114 16 22 41
40 34 33 68 96 69 32 47
16 91 120 56 81 18 22 64
57 78 75 58 46 92 106 65
111 77 20 35 20 56 29 69
71 55 31 28 123 72 49 119
16 116 99 92 84 124 86 40
76 12 102 81 71 106 53 85
101 123 44 128 13 44 103 63
100 118 118 71 51 86 17 90
24 117 71 53 112 13 34 112
5 3
6 3 4
10 2 5
13 7 9
14 14 13
11 2 2
15 11
70 75 62 155 33 62 120 89 139 132 65
85 162 51 11 124 71 8 125 132 165 37
7 9 123 9 78 3 40 90 26 105 12
57 149 94 165 18 16 94 53 50 102 142
127 74 132 32 141 142 44 73 156 31 34
84 143 126 61 149 13 76 129 72 59 31
59 106 144 144 159 91 160 110 62 75 131
157 37 131 156 84 104 18 70 115 41 63
105 36 27 158 81 127 12 111 25 160 114
64 136 76 28 107 119 131 30 137 29 121
86 124 122 77 85 23 111 71 97 104 124
133 132 68 103 24 118 41 46 33 3 54
17 120 163 29 139 117 72 62 60 165 111
74 152 153 127 97 56 99 12 13 134 77
3 131 86 103 82 141 6 82 60 149 124
19 7
104 90 9 125 84 73 107
46 33 85 46 122 126 90
34 109 9 56 36 45 31
22 48 56 121 129 15 121
94 81 26 128 97 75 8
45 114 91 38 67 70 132
88 35 118 32 129 57 56
122 72 71 122 100 122 41
28 81 92 68 87 22 92
31 15 59 6 75 59 54
84 113 89 70 77 76 51
98 18 87 123 119 19 128
38 77 42 130 90 94 119
79 27 33 107 105 12 45
92 111 11 79 109 14 23
46 113 116 3 103 87 111
19 94 109 5 101 98 40
83 96 91 85 59 94 100
24 50 54 78 32 69 125
10 15
122 74 47 86 16 78 8 51 6 47 81 107 113 55 104
36 105 146 92 99 38 144 90 93 45 22 13 127 66 37
51 16 56 15 100 50 53 81 64 103 83 140 13 86 88
111 89 31 21 66 5 18 8 28 16 75 68 36 7 19
72 30 43 90 110 125 111 66 121 70 134 139 37 2 22
19 6 11 107 34 64 137 107 68 78 38 107 38 108 133
36 145 23 44 14 96 56 129 94 130 87 75 25 8 126
5 122 101 104 83 6 23 111 92 123 119 2 18 123 149
83 46 52 75 40 139 39 101 119 88 42 30 39 88 12
98 89 75 19 7 2 137 21 16 56 5 57 75 41 137
13 20
254 63 111 121 122 255 237 200 154 85 125 219 217 73 203 185 245 231 153 223
164 177 85 132 112 117 116 198 226 36 5 2 70 19 153 223 205 106 30 220
259 107 102 220 207 153 123 158 82 73 233 199 53 51 141 212 52 226 142 250
136 159 165 36 252 84 245 42 229 100 25 192 183 95 114 223 160 72 134 210
111 11 259 86 257 53 120 190 2 179 9 249 87 147 239 118 77 95 189 258
154 236 89 122 259 70 230 68 46 126 154 136 121 160 197 240 156 172 127 132
93 225 187 217 11 80 32 224 253 39 211 259 152 2 239 241 67 100 59 55
15 30 14 92 64 141 177 125 27 126 128 153 2 95 43 91 138 118 142 243
124 109 85 113 108 205 230 94 242 176 203 71 178 118 59 194 91 65 137 172
12 216 150 90 53 42 257 186 241 245 64 186 81 37 177 127 80 111 142 103
97 58 251 81 167 173 123 155 115 209 250 102 237 186 154 114 245 33 112 57
97 132 27 21 197 150 164 30 150 163 44 222 235 200 131 129 194 99 246 157
28 200 248 3 37 241 103 25 23 177 10 15 189 133 58 64 163 149 206 6
13 5
61 12 60 62 16
7 57 48 10 10
46 62 33 2 24
14 43 11 63 45
11 41 5 41 33
13 43 26 53 3
25 1 7 29 19
62 22 63 45 64
31 5 64 8 40
40 30 63 3 8
35 52 45 11 4
6 36 15 10 49
14 55 58 16 44
7 17
104 101 76 28 47 66 102 101 13 39 68 6 12 99 28 66 28
87 118 57 93 105 57 73 16 52 64 98 111 1 74 2 64 113
40 23 9 58 113 24 103 64 109 60 106 70 25 71 95 17 70
16 51 1 52 72 29 6 79 55 85 58 83 92 87 79 58 22
14 79 2 79 71 69 116 119 100 18 53 90 75 90 45 6 23
56 25 44 119 43 70 15 87 15 28 68 56 117 45 19 108 66
31 112 109 108 27 52 109 117 88 82 112 43 30 22 26 35 9
10 9
23 51 79 28 67 19 34 34 64
16 83 8 28 45 81 49 70 78
52 84 59 58 7 25 47 63 26
55 63 43 71 22 4 67 76 14
58 20 54 75 29 88 53 56 67
47 58 48 2 49 54 56 84 38
76 41 14 67 37 72 11 5 10
31 7 89 20 24 29 76 25 87
2 76 4 31 39 44 49 67 18
89 64 57 1 6 87 24 34 77
14 8
16 49 77 53 19 60 43 81
105 42 6 74 65 90 81 21
30 112 6 52 71 57 5 102
27 80 57 41 101 26 51 112
71 27 22 47 86 43 94 19
50 83 29 95 64 81 52 64
54 108 90 2 35 17 44 28
105 43 97 55 23 97 73 12
55 58 17 58 112 44 54 55
57 1 100 62 27 75 25 71
50 110 59 52 64 107 98 103
94 14 3 1 111 61 10 21
35 33 100 91 101 65 38 97
33 89 46 60 70 90 52 12
7 2
2 9
14 14
12 14
2 1
2 10
8 7
2 10
7 12
61 26 81 35 16 5 83 82 72 49 37 22
33 76 19 73 29 2 45 44 7 36 6 16
36 59 30 80 10 55 84 63 4 26 76 62
44 20 14 40 41 12 63 65 5 16 46 54
44 38 64 35 78 23 25 21 14 11 60 11
52 27 33 79 3 52 29 65 32 80 14 75
2 21 74 65 79 30 39 46 7 30 65 84
16 14
219 192 203 151 124 209 138 205 46 31 112 23 182 165
181 198 224 148 155 101 192 32 78 88 106 147 87 30
170 197 126 85 33 35 89 188 94 108 85 19 148 187
95 63 189 223 176 203 107 38 147 104 102 151 212 116
168 159 167 57 209 196 146 76 135 21 56 118 77 34
163 111 159 200 14 134 200 37 172 125 32 105 55 209
133 77 153 24 212 62 112 3 36 177 130 35 224 187
62 71 223 24 10 163 2 41 46 173 41 187 157 161
146 130 27 37 175 69 111 166 194 50 134 33 120 178
33 94 160 55 189 86 39 210 29 181 113 66 54 154
117 199 119 188 181 116 146 135 185 98 107 164 199 1
125 22 1 41 163 1 220 111 202 5 56 180 144 136
64 183 24 49 160 171 206 112 94 35 81 28 151 105
34 21 55 206 40 39 211 124 221 176 7 167 216 152
71 97 215 223 100 13 9 86 62 76 22 163 224 51
140 135 221 190 199 60 132 189 219 216 130 140 65 15
9 17
120 104 140 92 126 12 15 15 147 106 135 133 6 24 71 67 83
92 71 137 103 39 36 42 110 128 34 84 92 100 73 99 40 45
38 89 101 17 59 16 60 93 46 94 145 7 25 131 31 100 112
90 93 37 28 78 82 25 62 129 137 152 38 113 5 41 125 11
134 134 20 52 103 9 114 104 114 20 31 63 136 145 47 71 64
132 141 82 147 121 150 150 52 109 134 139 139 45 128 136 21 104
130 103 118 72 37 69 129 78 145 1 135 28 108 135 94 15 114
50 153 25 121 98 144 12 153 16 19 43 69 12 94 120 70 65
73 113 7 74 15 97 98 23 16 61 147 88 28 138 17 75 87
4 15
31 7 2 52 23 17 33 32 14 22 15 49 33 18 19
15 42 41 1 55 37 57 60 6 52 17 14 5 37 31
38 7 48 54 10 35 41 47 52 12 6 34 34 28 5
18 51 13 57 25 5 59 58 57 1 51 2 13 43 28
17 4
43 16 17 61
21 26 35 38
28 51 53 67
26 11 57 16
51 10 64 7
4 13 45 5
5 44 17 35
27 17 18 25
36 6 32 66
40 11 68 40
16 4 57 11
54 35 33 25
13 55 40 38
45 36 57 9
15 53 42 63
26 60 66 30
32 65 58 27