200
2 2
3 2
1 2
8 10
27 31 25 74 53 1 54 30 12 46
70 54 75 62 28 22 50 32 62 74
27 28 73 27 57 8 63 43 41 67
76 29 10 49 55 20 41 52 3 38
53 67 4 76 2 74 46 41 57 29
73 52 28 74 66 4 6 42 59 24
65 68 35 64 2 79 32 43 31 17
72 46 80 8 46 13 35 4 58 25
12 12
130 70 79 43 4 72 23 39 6 58 36 93
68 42 37 91 72 20 120 12 88 89 112 114
89 140 1 34 130 42 88 108 107 51 8 133
4 121 63 3 34 116 23 132 36 111 88 107
20 3 10 89 56 125 9 68 40 31 97 134
139 96 121 133 106 16 124 122 38 125 82 144
53 91 29 75 103 83 143 51 71 27 73 75
109 78 30 18 16 7 7 22 136 79 127 64
114 33 126 47 13 70 84 132 2 83 91 56
48 43 94 38 85 33 40 56 121 46 85 97
51 43 102 52 79 44 80 112 104 105 131 89
63 138 40 131 77 79 116 141 69 9 138 120
9 9
49 61 61 75 57 42 3 14 19
21 78 13 20 56 19 17 81 29
10 76 45 77 15 2 16 31 70
46 67 69 70 63 32 64 12 28
12 6 5 43 2 16 35 63 62
76 39 33 17 40 43 12 66 81
39 76 50 8 36 56 25 67 77
36 79 32 73 47 63 51 59 6
78 4 53 58 25 19 63 16 20
5 5
1 7 3 24 19
19 2 4 9 7
23 21 22 3 18
15 13 25 21 19
9 24 8 19 20
18 18
266 155 53 296 2 23 158 201 225 243 141 123 210 247 123 99 257 204
49 44 141 138 259 314 178 212 288 219 235 240 194 217 106 185 275 153
236 210 222 160 44 198 111 301 16 261 294 86 11 79 95 297 284 51
184 291 87 64 140 223 30 55 27 258 87 12 279 302 220 155 93 257
57 139 190 200 189 143 178 121 172 25 310 243 126 20 298 221 225 258
254 146 298 180 230 304 221 254 205 50 246 238 59 184 240 191 156 67
273 28 109 11 17 160 118 47 176 46 77 107 259 294 245 127 59 57
59 55 225 267 51 159 65 279 57 318 58 205 217 12 284 155 121 133
53 153 46 20 158 244 49 301 117 306 262 232 313 56 226 12 162 28
247 159 127 150 137 2 322 147 231 233 297 14 224 94 40 88 150 160
68 110 247 304 32 280 164 87 59 172 7 98 260 169 213 323 18 124
92 209 220 154 35 320 222 236 12 210 262 96 87 178 309 136 253 24
10 129 72 129 46 89 254 9 235 46 254 123 51 315 6 278 72 138
295 227 197 18 103 162 116 41 109 105 175 26 144 87 90 188 249 119
242 264 72 74 300 50 81 319 197 301 155 170 195 98 15 95 126 62
11 57 321 13 159 115 68 76 60 175 77 34 284 135 323 59 303 305
90 90 67 211 142 129 56 3 96 155 166 80 99 90 315 36 165 134
266 2 177 59 282 324 77 47 17 238 232 32 68 220 265 273 144 251
15 15
48 87 165 193 1 143 58 113 100 179 123 47 187 64 182
186 217 221 148 27 142 211 13 161 203 129 137 91 215 121
12 168 189 213 108 107 100 166 106 141 208 139 52 125 208
160 146 19 47 206 164 146 33 16 22 150 18 92 12 154
160 134 155 94 213 60 76 89 124 120 163 127 178 190 182
151 103 85 161 152 206 208 208 166 221 135 136 124 222 201
180 13 100 200 28 3 177 49 25 101 128 47 181 69 146
134 213 36 32 21 102 5 222 15 38 211 21 136 88 104
21 55 60 12 67 203 44 169 131 32 31 16 117 131 167
125 138 83 185 100 204 67 65 220 86 72 8 66 39 186
27 30 67 96 193 87 122 70 68 201 55 218 50 73 162
54 80 85 218 131 26 179 110 139 158 144 189 210 9 206
94 215 131 187 4 7 224 93 164 118 24 57 85 115 143
7 18 16 178 64 81 191 27 93 65 79 204 78 165 6
20 50 74 50 42 23 202 197 82 212 201 33 90 206 75
2 2
4 4
4 2
1 15
11 4 3 9 8 11 14 8 3 5 10 9 3 10 5
2 4
8 8 3 2
2 6 7 4
6 6
13 20 5 16 34 7
34 23 10 32 8 19
18 36 10 7 28 14
22 6 21 5 30 18
17 35 1 18 27 7
20 4 13 15 17 9
1 1
1
9 16
31 16 96 75 74 100 69 34 83 104 57 137 131 72 21 127
139 66 57 123 22 139 80 25 97 29 127 128 135 62 88 60
20 45 123 93 43 11 107 124 131 51 62 132 140 55 62 116
15 89 62 96 132 67 102 15 93 100 79 133 96 40 10 109
82 2 58 50 78 88 66 90 36 27 57 16 143 130 42 124
95 66 40 65 53 44 127 68 141 131 38 100 5 8 112 57
140 132 65 45 22 81 126 66 108 86 61 111 64 93 108 10
110 18 93 131 62 90 47 139 69 13 104 96 123 50 78 86
72 86 133 131 104 9 130 87 62 37 110 53 52 27 119 83
16 12
26 66 33 185 74 73 151 121 190 134 58 23
135 57 45 121 103 151 131 35 125 173 190 177
72 30 162 32 89 136 180 70 26 5 20 34
52 78 52 142 162 121 116 81 16 163 28 145
47 168 117 165 88 15 68 73 26 67 100 170
162 60 63 162 70 189 41 190 174 54 153 58
31 9 4 142 37 105 23 161 93 31 145 156
156 103 60 26 63 55 134 123 16 31 192 152
18 11 50 80 170 38 88 129 170 89 62 19
186 113 179 46 37 95 109 11 126 152 185 40
109 93 92 85 153 149 12 172 115 86 4 94
93 66 8 103 182 14 53 99 4 30 68 187
124 140 91 56 48 136 15 120 86 25 123 125
112 2 54 35 157 127 51 106 60 175 186 177
185 11 191 68 181 148 28 12 86 11 112 101
168 154 147 141 174 144 53 183 10 138 18 191
1 15
11 9 2 14 8 2 2 1 7 11 12 15 8 2 14
19 5
89 20 48 81 57
24 82 65 22 29
71 86 38 54 73
95 62 82 38 26
50 14 15 50 10
27 16 69 73 82
39 11 12 37 15
15 47 57 34 59
4 89 54 84 74
28 81 64 34 80
67 15 67 27 64
32 47 65 6 35
51 88 38 13 88
57 18 41 60 54
75 52 38 62 17
63 23 46 29 9
31 23 44 11 87
4 44 95 30 65
40 74 73 62 90
5 5
13 6 25 14 4
11 12 19 5 1
8 20 24 18 4
24 5 9 17 8
19 3 25 5 18
14 14
97 102 148 21 16 177 48 150 193 35 128 143 132 178
75 48 177 137 91 165 166 153 25 110 76 142 190 97
113 97 141 114 152 171 27 63 104 97 158 128 70 52
10 109 87 93 90 175 127 149 164 141 161 66 111 163
71 193 49 38 32 176 149 132 77 174 191 167 18 163
45 97 112 190 94 154 52 157 57 57 113 111 184 190
143 38 142 93 8 188 40 53 156 80 124 35 10 113
120 62 153 154 46 164 61 170 17 162 192 1 157 63
21 120 127 75 40 125 104 147 186 90 103 88 65 128
174 88 185 105 18 182 174 111 124 90 190 28 141 162
118 2 17 180 169 96 17 135 49 108 186 82 131 117
154 80 165 32 170 14 87 2 189 196 12 116 129 87
143 172 36 36 22 118 122 88 14 3 138 36 101 70
87 185 69 3 98 181 62 128 189 154 60 36 30 196
7 2
1 2
6 9
9 1
14 6
9 8
7 3
4 14
17 1
17
4
3
6
6
3
3
1
3
8
16
16
14
11
13
14
17
16 16
96 138 136 182 130 169 25 230 54 9 99 214 210 251 68 57
182 193 148 149 218 174 202 235 41 137 10 83 147 65 82 55
99 70 225 106 229 58 148 34 192 246 97 166 200 126 197 236
179 228 71 137 246 151 55 221 139 187 61 205 102 224 34 20
157 88 6 119 23 143 143 158 134 31 250 168 8 144 208 66
87 2 54 226 14 80 53 238 140 173 250 66 17 19 249 170
90 252 154 139 183 205 239 47 147 109 111 90 212 53 168 45
137 74 78 42 19 158 113 61 144 49 21 252 40 23 221 40
159 220 1 180 139 111 45 34 52 94 170 30 30 30 92 221
23 140 168 162 99 104 53 60 228 237 43 126 234 194 112 133
31 97 228 8 88 57 113 137 157 152 51 72 21 140 247 77
98 176 119 174 213 174 171 251 166 101 11 48 149 194 87 215
175 242 159 119 75 224 40 20 57 9 47 14 101 138 71 2
193 93 22 185 149 134 225 37 149 207 109 43 175 125 128 16
192 160 27 99 109 236 142 231 19 12 224 200 171 8 191 107
43 76 199 15 91 142 4 85 55 53 98 143 192 3 187 161
19 19
71 232 329 189 278 49 116 211 213 221 46 109 217 284 293 344 155 47 131
326 338 163 194 262 65 50 55 133 35 191 292 60 250 223 128 163 344 174
229 324 267 177 217 274 226 147 45 292 117 313 56 15 31 181 62 222 67
284 260 279 96 143 21 107 83 108 219 99 237 93 172 127 157 27 188 336
101 199 11 108 293 247 217 94 105 303 331 79 199 180 4 285 135 56 272
36 303 57 117 286 326 330 19 140 227 220 151 225 99 360 36 291 65 355
185 301 203 357 328 193 79 64 77 70 174 19 39 247 89 28 355 219 153
269 304 12 238 218 2 170 140 310 285 199 78 89 114 199 267 359 60 347
246 70 139 242 195 326 148 344 158 208 108 151 354 314 202 245 176 347 138
251 158 40 169 105 171 316 110 270 271 13 9 120 297 61 119 213 96 41
241 308 357 59 351 21 166 190 251 104 12 5 334 129 197 308 185 199 179
11 204 329 257 179 171 145 31 262 122 356 296 102 75 186 21 40 64 163
102 210 140 276 72 36 88 231 102 21 343 44 275 274 192 346 75 353 268
11 21 230 203 275 328 308 68 15 282 18 66 288 221 224 133 149 179 319
180 101 323 127 308 31 150 178 320 323 327 352 109 250 59 92 283 282 253
237 87 321 132 166 324 123 76 228 148 146 251 361 225 83 338 165 275 43
135 172 146 1 197 40 216 59 43 120 108 252 55 188 187 65 265 174 256
75 88 100 62 115 273 177 25 158 296 136 126 232 199 27 182 269 197 26
261 253 124 176 128 111 360 99 127 110 6 235 90 305 86 195 144 73 216
14 14
102 108 148 94 84 20 26 31 195 27 180 92 159 79
171 148 82 188 191 84 188 104 27 36 149 132 44 10
158 25 44 21 11 17 151 14 150 111 103 48 36 106
2 105 5 130 105 78 161 125 7 32 80 104 19 66
151 106 174 179 41 147 83 84 69 146 122 139 129 146
160 19 188 146 141 72 45 151 186 104 180 119 93 39
146 123 84 140 158 56 31 60 11 147 35 48 113 119
177 49 48 177 182 180 151 106 5 33 10 37 18 195
131 179 86 57 95 99 122 29 5 184 104 62 144 35
173 109 171 196 80 64 143 124 96 10 124 19 194 128
20 144 174 117 89 89 169 158 178 150 180 89 34 39
43 19 17 194 77 6 147 96 87 72 195 76 132 90
165 81 181 169 76 8 18 74 124 149 10 14 135 64
31 45 92 173 194 105 1 149 166 31 105 148 99 101
20 20
11 359 353 360 365 176 70 226 134 89 342 311 229 85 143 231 50 193 374 286
40 278 356 383 349 145 209 108 63 223 91 8 156 114 51 131 110 17 308 325
129 235 161 230 2 396 313 105 118 136 74 265 21 196 63 124 369 340 215 276
183 79 308 36 240 334 396 320 228 116 16 189 108 248 215 359 50 349 102 65
167 274 334 231 1 309 274 224 383 179 291 272 235 251 202 217 11 336 33 273
243 365 78 270 250 322 109 382 199 157 297 180 265 20 279 124 192 239 160 256
267 179 264 195 383 328 335 346 256 300 324 59 255 368 129 365 320 400 39 15
7 256 151 260 223 66 25 172 343 196 173 223 361 183 252 146 247 10 169 75
180 244 26 177 13 209 125 349 338 180 73 221 277 298 338 7 382 143 312 267
232 186 109 305 284 387 145 225 72 342 252 225 139 367 215 297 271 52 263 130
260 194 23 125 309 384 225 353 185 384 88 204 233 196 229 58 249 269 157 275
84 142 171 287 120 191 367 69 91 29 306 369 217 255 373 371 59 196 21 372
86 328 141 132 221 198 9 223 115 22 50 318 129 103 346 377 384 72 262 298
180 113 99 173 6 319 134 35 76 268 36 246 198 236 91 39 184 99 75 3
287 133 357 100 146 38 366 116 135 79 399 332 366 386 221 362 190 69 16 337
298 58 354 10 288 175 374 377 238 145 114 90 209 44 234 10 331 189 330 258
304 168 80 286 78 149 148 316 342 213 117 256 347 19 98 373 278 246 129 205
355 371 175 265 92 79 373 116 64 49 387 169 288 278 92 262 342 367 221 376
274 149 43 37 306 156 88 41 221 21 194 136 364 253 360 83 149 19 138 245
198 135 12 125 219 334 22 310 396 338 203 81 277 294 276 164 259 87 217 380
14 14
95 90 40 71 105 184 48 171 52 111 119 77 189 136
44 151 139 15 178 143 107 115 32 106 189 45 62 106
28 161 184 8 1 47 82 177 104 92 141 132 53 120
77 85 183 136 172 142 196 28 126 19 196 35 139 73
90 180 115 163 57 181 89 93 137 67 44 30 156 8
3 154 116 185 143 6 105 184 110 102 15 195 67 48
22 148 185 82 123 144 87 164 189 115 62 121 81 33
122 104 114 151 34 12 68 177 141 83 176 29 196 168
157 122 54 112 62 70 143 134 80 170 93 160 176 31
5 109 186 86 94 62 40 97 88 114 94 74 15 90
59 29 64 99 146 138 105 21 95 189 21 44 49 158
116 106 132 105 3 169 60 86 89 181 130 163 79 105
187 98 90 97 174 150 114 72 34 131 74 25 26 94
151 157 50 87 150 56 119 34 115 108 18 193 140 187
12 11
81 53 110 16 2 46 120 123 86 64 88
107 58 22 124 64 21 34 123 86 41 97
109 87 83 10 58 6 61 75 104 70 13
5 38 39 8 50 73 123 50 58 11 90
110 60 127 52 106 39 36 69 36 129 66
75 61 59 95 19 51 55 87 38 118 23
94 26 123 91 7 102 7 7 130 30 4
54 40 92 35 103 35 97 131 31 109 77
55 104 118 123 93 54 94 131 123 31 81
73 54 20 109 51 6 38 26 123 31 75
34 112 94 40 108 4 37 108 127 79 24
7 27 114 71 52 20 3 33 29 116 76
9 9
8 2 42 12 62 23 11 74 2
42 3 53 78 30 53 45 61 8
27 55 76 16 78 20 15 79 71
79 19 41 34 1 29 21 18 20
14 18 43 74 80 75 18 40 18
32 48 23 27 49 24 15 66 65
10 74 15 11 3 47 66 14 7
23 72 66 18 37 5 39 24 61
57 40 18 66 41 67 20 50 9
5 4
10 15 6 8
5 6 9 2
12 18 20 16
4 6 6 17
17 15 14 2
13 13
147 125 71 156 98 48 75 78 7 148 57 32 8
103 164 83 15 73 85 30 23 26 143 13 90 139
14 40 33 117 50 116 157 83 14 3 116 141 137
57 6 140 1 34 86 86 62 98 151 21 164 133
105 52 84 8 44 128 141 12 152 97 127 142 120
50 158 115 114 140 86 124 167 124 3 2 98 9
40 52 166 70 90 152 127 4 51 57 120 104 1
44 3 14 119 9 161 53 45 106 125 36 139 23
79 133 62 65 8 167 153 166 68 108 151 142 136
108 160 150 56 15 118 13 123 168 164 10 128 147
119 125 100 117 15 14 103 25 3 75 80 91 1
55 65 155 36 27 12 31 29 153 139 9 16 38
76 75 19 49 79 62 11 158 7 159 33 148 88
17 17
223 158 168 259 98 191 174 148 286 177 163 91 57 167 131 74 7
139 39 288 74 276 38 7 281 246 197 19 166 231 132 46 157 216
126 154 253 260 73 166 1 186 98 139 86 170 251 24 48 155 101
129 289 162 36 159 230 201 181 262 194 192 121 286 118 247 40 255
12 115 159 206 29 70 20 90 287 207 285 194 138 264 244 76 87
263 257 132 182 209 280 66 93 89 160 35 110 134 179 120 28 77
239 219 113 107 44 202 154 170 99 204 242 7 227 232 221 119 16
266 227 190 95 217 223 258 233 58 55 266 54 117 82 150 17 248
206 131 225 140 191 172 175 211 172 116 135 204 181 234 275 133 120
3 263 164 65 164 273 165 39 58 144 210 57 200 59 152 274 7
134 5 143 192 28 240 231 260 178 51 172 32 26 102 24 288 132
182 216 220 60 34 22 132 246 107 133 185 46 37 75 138 209 73
176 53 175 151 165 205 3 127 2 205 178 218 36 87 160 164 189
19 194 271 76 125 124 116 200 66 56 160 115 5 133 181 284 202
170 45 142 27 40 255 164 128 218 284 243 23 39 11 22 45 69
22 194 225 51 64 92 261 15 118 221 191 257 111 110 197 51 11
14 151 262 248 174 41 160 33 53 245 16 47 48 221 11 135 126
11 12
45 87 71 75 48 95 125 3 118 118 5 29
49 119 127 103 30 111 17 20 102 23 127 110
17 70 94 19 127 71 94 52 128 70 41 106
62 51 18 95 92 51 27 49 113 119 16 71
48 33 91 53 108 94 40 97 41 26 58 128
34 10 13 128 24 35 93 117 96 8 52 59
13 50 87 65 99 102 37 124 108 9 130 71
48 11 112 15 92 69 100 12 7 48 107 15
82 28 75 100 54 15 86 31 49 35 95 110
45 30 49 86 69 19 88 75 30 132 33 119
113 40 58 27 48 47 48 105 2 77 91 22
18 20
127 359 265 261 276 341 225 237 297 257 117 250 125 266 283 353 269 354 358 338
153 236 46 133 162 295 147 284 120 172 111 87 48 152 345 334 115 254 133 215
297 92 112 188 244 208 34 48 90 40 204 198 162 331 153 117 31 262 257 68
258 79 1 142 25 176 94 306 86 136 143 179 235 124 171 86 137 117 47 197
248 94 354 63 89 85 212 241 335 147 192 158 220 154 275 118 287 154 13 142
202 359 188 299 138 107 167 292 289 100 120 172 37 169 203 89 99 94 59 100
334 25 36 333 209 345 35 34 309 91 33 171 227 64 22 22 91 126 235 26
117 136 312 114 69 45 28 48 236 147 154 235 89 325 80 150 358 16 203 6
247 62 39 120 165 93 59 341 225 120 281 28 84 215 338 130 218 285 352 240
24 134 77 160 59 187 345 325 223 180 113 143 65 328 26 336 44 268 270 334
15 246 37 341 288 84 260 72 138 86 27 324 114 253 144 130 296 134 162 318
56 79 56 144 159 29 55 55 147 248 2 77 348 52 308 227 343 76 305 353
1 36 162 162 71 267 160 18 276 155 127 117 317 15 164 190 158 337 122 40
47 189 165 277 305 37 265 88 291 281 317 281 105 162 337 293 107 196 31 222
332 190 318 198 113 223 112 244 121 255 214 249 308 279 354 146 124 334 273 250
48 161 35 266 104 93 227 232 346 196 298 186 123 346 248 205 201 235 322 79
197 12 103 220 22 42 332 89 264 322 168 331 356 182 33 83 41 81 357 192
360 344 253 209 149 156 92 54 105 48 53 137 236 3 66 359 336 123 81 285
19 19
360 10 21 253 191 156 271 168 188 113 281 17 254 234 287 321 155 204 324
159 152 334 52 159 272 51 28 296 341 294 29 17 24 167 206 183 42 16
182 103 153 261 13 27 268 106 40 215 151 159 277 288 247 90 204 350 51
39 275 252 328 284 347 48 226 230 268 315 333 265 226 23 342 103 209 16
43 99 243 235 9 208 171 202 258 159 359 99 180 50 14 154 320 290 348
2 242 361 52 324 163 267 172 212 355 231 52 304 270 162 7 141 55 55
307 218 155 34 123 43 241 93 103 304 155 194 309 116 7 170 327 304 354
192 51 341 201 126 324 235 221 258 291 158 9 69 149 275 179 71 27 293
46 96 70 186 286 26 117 355 59 259 17 33 186 58 230 23 252 127 299
351 288 159 204 78 146 7 284 30 108 313 82 334 46 177 307 223 185 124
276 138 139 192 247 111 167 174 69 270 127 342 26 279 108 57 311 12 300
2 145 237 125 342 241 209 189 100 235 39 96 8 194 164 102 265 335 192
42 325 195 163 359 269 266 177 161 39 242 192 216 253 93 331 67 131 89
231 254 297 268 10 275 226 166 158 26 351 304 46 192 100 289 312 206 44
300 311 284 183 121 312 29 343 93 359 153 128 31 229 144 320 340 32 153
31 157 37 225 269 74 58 196 33 301 151 301 360 251 210 93 242 24 334
175 80 283 204 35 172 204 220 268 313 19 15 340 6 117 15 218 178 319
230 62 14 197 92 65 340 316 284 290 261 193 344 339 329 313 149 291 161
34 244 19 330 289 191 101 348 105 86 11 73 361 58 241 29 244 287 197
16 16
94 133 22 109 151 209 223 223 29 45 151 169 105 11 213 131
26 117 112 177 186 59 133 29 23 131 233 26 217 241 151 24
244 102 153 100 63 164 34 46 238 226 56 221 54 5 88 36
71 18 237 136 99 190 46 221 7 45 228 181 174 45 112 34
77 40 26 127 246 164 242 128 239 81 187 203 168 36 192 109
197 17 220 78 55 25 190 10 21 1 62 72 250 162 218 177
244 248 78 205 130 227 145 159 113 112 243 163 239 175 181 38
118 146 140 223 37 66 69 196 42 140 19 215 1 16 154 214
138 69 156 254 205 193 121 152 132 134 52 233 98 78 52 110
197 143 199 171 60 203 202 175 164 175 185 121 177 212 213 90
96 235 233 152 97 204 11 118 251 240 35 72 115 9 113 52
125 133 88 156 248 205 155 53 92 114 152 233 60 127 221 191
36 121 111 185 51 203 15 35 24 37 52 7 142 143 61 240
220 123 216 211 49 58 175 28 151 87 243 256 230 247 203 203
7 24 34 224 62 121 158 223 91 120 88 171 118 90 92 17
120 238 72 163 14 35 164 250 86 179 21 158 138 179 65 254
16 6
67 47 60 77 66 55
39 8 41 7 56 31
6 87 58 38 74 84
1 4 58 73 72 50
34 41 26 81 8 60
76 72 30 68 7 89
49 10 3 63 63 10
47 7 37 24 78 71
54 45 59 31 72 18
77 11 41 8 21 66
15 49 36 78 12 62
10 72 64 86 89 47
73 64 8 5 53 14
83 38 24 70 32 70
89 77 28 6 38 82
68 83 8 21 32 27
18 1
16
11
8
17
15
13
9
2
12
14
13
3
13
17
10
1
3
5
3 20
38 38 54 33 45 12 44 44 59 60 13 15 42 58 15 32 5 56 26 34
55 17 52 29 39 46 45 60 35 50 21 53 36 2 45 8 8 6 20 4
55 19 2 27 48 42 32 29 4 22 19 1 41 42 36 40 56 18 25 31
16 1
8
14
3
2
14
16
7
12
16
6
10
9
15
10
4
7
19 10
110 75 74 161 131 35 9 1 72 50
19 104 121 142 59 152 27 7 101 26
114 56 100 95 68 26 120 35 140 128
48 132 44 24 93 171 171 39 151 158
39 76 130 20 30 66 22 12 142 69
158 90 54 182 136 127 189 20 58 184
120 146 162 87 170 106 160 142 70 8
138 105 65 117 95 23 67 42 169 73
154 39 142 133 54 18 59 123 97 126
90 189 133 39 24 58 162 84 149 168
88 81 131 155 72 145 164 175 158 12
71 140 40 91 41 35 172 153 36 189
150 136 137 98 28 158 52 123 165 70
41 121 58 145 181 49 1 30 5 14
14 115 107 14 93 95 11 70 3 156
2 88 38 90 6 13 151 98 16 105
171 150 103 75 97 21 6 5 84 142
124 98 129 120 59 91 102 165 34 189
105 126 141 75 116 167 17 140 139 135
1 3
2 3 1
14 14
166 98 96 144 89 147 106 131 10 8 89 177 38 21
107 87 150 89 155 192 182 38 100 88 137 33 170 49
171 65 169 98 139 155 126 36 144 60 176 62 16 30
152 41 65 29 74 81 100 155 180 12 191 72 76 29
86 176 59 66 151 79 156 83 136 194 112 158 177 31
160 74 134 63 188 56 83 154 168 46 36 136 68 109
181 99 113 138 75 112 59 32 108 79 54 1 76 179
50 125 145 170 87 186 186 60 37 46 192 54 33 95
54 87 177 29 23 127 83 156 110 102 26 163 98 72
156 140 176 195 156 23 94 128 148 191 102 148 31 179
48 138 158 74 21 22 112 21 53 188 189 90 16 174
148 98 13 172 185 25 51 86 158 38 30 41 140 179
50 8 22 130 104 51 98 97 14 193 170 20 95 110
83 81 188 23 96 186 50 62 22 59 54 71 55 3
14 10
49 64 96 50 128 94 91 22 91 60
93 17 52 38 65 82 11 31 26 16
19 23 62 61 31 61 79 25 70 8
85 70 61 61 107 130 41 140 80 49
21 36 70 10 111 12 69 45 138 69
6 67 81 94 72 17 91 80 77 26
86 66 135 69 56 136 69 88 108 84
24 32 26 90 47 81 6 83 106 92
54 17 36 36 7 86 12 135 21 94
90 115 77 26 88 62 16 55 63 2
63 4 45 114 22 102 24 1 104 2
108 60 97 128 7 64 119 15 122 114
136 8 66 93 89 137 76 22 88 95
93 85 88 120 61 107 93 127 70 72
5 8
21 17 30 4 32 15 29 30
7 25 25 31 6 3 17 35
32 33 28 26 10 32 34 10
28 32 26 1 5 5 8 40
25 29 26 35 10 28 8 12
14 11
150 51 5 100 146 144 143 63 47 49 27
99 129 26 126 28 98 41 107 30 135 119
117 101 119 141 27 141 133 140 44 99 79
48 64 87 27 121 17 79 129 11 74 152
129 88 81 132 90 25 37 43 69 84 146
67 104 87 138 91 121 49 110 84 86 13
53 94 99 22 121 17 21 146 65 66 2
55 73 8 126 140 119 131 141 98 5 81
139 84 63 1 77 1 21 106 28 25 74
85 46 94 73 38 138 92 8 116 87 53
93 32 17 108 94 17 127 62 30 72 106
138 1 73 91 113 68 70 57 62 33 5
39 82 122 116 105 62 148 125 137 79 128
79 18 132 81 120 98 15 149 118 2 88
6 6
30 36 10 35 24 19
4 26 6 6 13 21
19 14 2 30 14 32
36 33 36 32 30 31
11 34 35 12 1 36
21 33 28 2 4 26
11 18
70 185 93 83 148 91 35 58 4 83 83 126 176 164 172 89 31 118
138 129 41 12 59 34 22 88 106 175 33 67 120 66 70 86 109 138
138 80 154 118 70 96 175 61 138 81 160 196 137 73 174 195 147 141
172 133 89 125 67 99 99 16 122 2 148 39 22 102 168 189 81 49
88 53 150 197 158 53 78 32 82 8 22 108 121 161 16 179 81 61
48 30 7 97 80 32 2 104 186 55 163 66 18 19 98 72 191 182
25 151 31 188 55 165 161 19 174 45 198 115 193 181 186 12 141 175
114 3 176 171 185 185 71 36 4 157 21 53 117 105 62 81 35 24
120 50 2 140 138 40 10 127 154 100 195 14 71 161 192 93 31 12
98 168 53 21 53 161 91 30 193 61 131 118 128 34 43 33 2 119
68 159 197 151 149 4 146 157 172 116 46 140 75 181 93 63 144 120
17 19
30 267 38 96 6 140 307 130 94 275 176 182 254 283 298 241 274 89 182
128 173 21 181 296 15 229 116 214 229 49 129 8 12 212 141 251 151 78
163 19 85 139 283 282 268 47 47 150 256 42 142 305 180 291 177 286 113
253 59 57 146 189 56 44 77 149 13 52 22 127 255 244 269 75 143 300
21 278 223 135 196 240 140 96 160 192 272 213 266 303 192 251 147 229 207
126 231 48 204 247 300 321 225 24 271 133 279 193 126 18 226 276 192 66
315 280 298 212 147 145 74 77 2 167 53 181 22 51 54 61 254 294 185
97 93 315 22 153 55 173 53 54 141 57 191 314 247 74 152 245 187 117
151 265 51 315 242 263 59 261 28 50 171 168 288 263 212 4 1 49 40
43 107 169 48 173 185 128 285 13 244 88 320 6 59 174 303 151 264 309
191 37 155 276 305 53 123 126 295 76 280 79 53 278 241 21 211 271 264
182 145 235 204 113 75 322 256 134 156 23 184 253 147 140 237 228 207 136
153 31 90 136 292 200 8 273 118 57 200 33 71 89 68 76 287 43 271
54 126 208 148 115 186 191 233 118 142 205 203 95 296 42 291 282 244 263
136 93 180 15 236 227 61 317 37 140 85 123 111 14 50 102 158 32 280
8 317 78 135 290 320 281 234 29 239 239 74 109 15 322 108 321 11 44
63 55 67 9 96 168 258 38 187 230 223 173 231 37 42 81 78 268 3
12 16
162 61 178 110 128 20 172 62 139 157 74 106 4 134 4 21
111 111 46 2 7 109 57 47 18 59 146 12 15 190 40 87
75 180 75 85 19 56 48 110 67 116 145 102 125 99 177 180
118 129 189 65 170 82 78 190 175 140 139 162 103 163 44 127
144 175 89 128 54 187 176 1 71 44 38 11 7 140 4 42
154 114 83 173 63 16 83 58 156 89 164 11 115 141 8 9
52 98 192 67 109 144 146 75 157 57 172 173 166 180 163 77
160 117 84 156 138 90 107 183 91 20 66 28 182 112 161 9
125 129 36 179 189 44 58 32 135 80 73 33 158 16 47 176
76 190 164 34 79 165 187 136 177 51 7 168 53 1 154 83
173 1 105 35 41 131 75 83 9 36 96 123 180 83 143 38
33 65 167 145 18 37 167 131 97 105 89 68 115 116 153 59
9 19
48 100 142 166 1 132 80 119 155 58 91 82 44 42 4 148 63 6 89
59 119 103 124 120 78 116 72 65 104 171 148 17 106 55 141 106 111 137
138 9 69 77 122 3 3 126 44 25 162 85 73 82 52 98 6 95 135
78 1 15 124 98 19 100 157 38 94 26 104 39 138 6 7 148 28 153
3 116 41 105 83 62 137 4 94 91 65 97 58 169 5 125 95 102 107
1 156 81 69 106 155 10 73 125 72 115 110 125 131 159 57 120 161 86
20 96 49 83 142 129 109 142 65 20 160 63 166 162 29 7 118 118 109
168 104 26 38 93 3 98 128 80 82 122 19 58 102 1 63 66 92 11
145 23 164 100 96 37 103 161 34 97 13 48 45 168 43 54 16 76 25
11 11
63 6 51 71 1 23 9 70 120 74 94
100 13 40 70 34 100 86 2 72 83 7
17 44 74 14 6 23 88 105 103 19 37
21 114 27 102 34 59 108 8 69 84 22
94 121 34 109 107 43 75 82 103 18 114
108 109 44 60 110 57 93 4 66 103 70
76 30 77 72 46 56 66 77 104 80 30
111 18 73 43 65 39 47 2 116 2 50
66 107 112 47 84 48 54 66 18 73 25
37 7 16 43 79 69 92 102 26 121 62
50 93 31 106 121 100 3 42 45 23 32
6 6
5 2 36 27 33 23
3 21 20 28 4 4
22 1 24 6 2 1
36 30 6 36 14 29
31 6 24 26 22 15
5 15 30 6 27 2
12 12
106 42 38 128 91 71 26 40 73 124 99 19
105 22 15 14 88 23 4 70 67 114 9 71
99 3 128 67 19 91 20 31 95 57 107 135
59 5 56 2 125 133 48 16 136 130 86 111
53 85 85 77 96 43 42 8 93 40 44 49
86 136 9 112 18 64 126 48 51 50 50 27
27 111 32 144 108 23 143 96 59 109 143 9
32 22 114 26 125 144 133 21 120 126 42 130
103 17 131 32 23 67 45 134 121 61 7 8
106 57 61 85 61 17 53 13 39 86 85 16
134 13 15 2 143 132 43 122 67 114 31 122
109 140 141 25 106 51 25 11 134 11 70 34
3 3
9 8 8
5 3 8
6 5 2
1 1
1
4 4
5 15 12 8
1 14 7 4
14 9 6 12
6 13 3 4
6 3
6 6 1
10 18 14
2 9 7
5 18 15
8 12 4
12 12 12
4 6
6 23 17 3 6 1
4 3 4 5 10 19
3 8 8 8 8 18
23 8 24 11 22 6
2 2
4 1
3 4
16 1
5
1
13
12
13
4
7
7
2
3
16
6
11
3
5
4
3 6
15 16 14 11 12 12
15 18 11 9 9 12
1 3 16 16 1 10
14 14
73 124 26 182 148 106 113 184 113 11 97 117 118 32
123 175 57 38 31 13 142 15 108 14 100 38 18 135
193 61 89 130 80 22 39 196 122 144 53 143 5 116
32 114 134 192 71 81 33 93 1 104 107 113 133 105
100 56 169 150 79 174 169 49 123 162 36 66 167 79
149 59 2 8 112 48 126 127 116 78 48 7 10 122
193 150 132 151 11 138 83 96 158 152 142 149 58 191
174 101 55 43 11 56 144 98 18 183 29 193 92 121
28 140 165 178 112 7 123 108 129 24 21 161 139 122
122 139 9 129 28 111 154 153 45 190 172 30 25 43
93 161 148 97 167 44 167 184 111 47 51 55 63 6
114 53 149 121 12 102 185 76 190 166 7 29 33 108
25 183 9 129 76 11 112 123 188 30 47 73 135 83
140 81 20 85 159 165 2 52 163 177 16 48 92 97
10 8
43 14 23 71 60 14 4 40
75 47 48 1 20 60 66 10
74 63 63 47 12 52 76 41
55 56 17 8 37 13 24 46
35 61 21 10 48 57 64 32
33 29 61 50 65 65 45 61
70 46 45 67 47 59 12 48
73 4 43 59 1 54 13 59
19 73 61 19 49 10 62 60
32 4 29 29 61 27 20 73
5 20
86 96 8 57 85 59 20 62 23 49 62 94 55 13 55 43 33 44 76 67
31 57 46 100 15 18 66 69 82 2 38 90 56 77 19 71 100 72 20 26
3 41 76 49 66 19 53 39 9 76 21 94 47 28 70 34 59 42 85 39
96 6 58 49 90 5 68 73 61 58 17 79 20 94 1 26 75 42 25 1
54 30 98 68 78 89 4 84 1 97 17 12 14 17 62 59 3 9 6 43
11 11
44 19 116 60 39 85 14 93 88 110 104
27 58 101 30 7 96 9 89 73 64 62
31 40 29 77 58 104 72 61 75 42 92
120 27 71 99 29 74 20 113 117 43 108
45 40 33 83 41 36 87 96 110 57 46
91 52 82 80 106 88 98 99 114 12 82
100 40 21 107 13 27 11 100 48 92 68
42 119 105 35 32 54 115 40 22 77 27
22 119 105 12 62 36 9 108 1 24 106
24 7 53 1 17 12 61 60 48 29 110
20 104 46 82 119 66 66 38 3 87 67
5 5
25 22 22 4 22
22 7 8 5 2
14 25 7 22 23
11 22 10 22 17
8 11 4 1 5
18 18
69 21 284 272 64 64 286 180 72 138 70 11 297 72 324 135 266 100
286 15 261 129 104 319 202 207 85 190 314 114 150 152 273 200 270 71
65 199 202 82 198 65 108 207 284 82 283 54 92 61 290 195 300 299
103 203 252 321 102 324 161 76 6 30 14 322 228 9 290 101 4 96
103 97 34 281 48 233 210 307 233 2 315 57 108 42 125 321 143 168
113 245 271 77 136 31 172 311 69 296 267 127 195 91 9 25 223 55
29 40 223 266 309 80 245 86 233 223 178 29 238 12 239 178 111 304
289 232 55 159 141 107 186 268 268 118 245 300 33 18 33 40 226 22
232 179 224 144 60 241 60 40 156 47 274 225 254 285 184 172 306 110
144 50 230 300 291 298 231 123 156 223 90 40 129 87 269 90 216 44
221 269 61 262 115 95 300 4 218 168 235 296 247 235 55 316 108 300
240 162 103 218 266 324 296 56 258 179 26 183 2 123 214 190 18 238
149 62 300 321 54 226 107 151 5 104 200 51 66 95 290 123 153 92
252 275 18 180 265 283 217 36 292 111 174 144 74 105 200 94 54 318
87 178 211 234 159 139 121 310 28 9 213 228 248 2 7 146 80 201
23 37 220 174 8 237 22 255 158 238 86 83 246 37 204 272 324 125
182 321 129 317 200 314 59 314 130 141 318 151 207 261 144 189 277 128
165 170 252 227 122 190 164 15 280 292 206 129 134 23 158 9 32 196
7 2
7 6
12 7
2 2
5 14
10 13
2 1
4 2
5 5
9 4 15 17 16
18 16 22 5 14
14 9 11 24 4
15 25 14 19 15
24 20 5 14 5
4 4
10 12 16 12
7 11 15 12
16 16 14 16
13 2 16 1
14 14
95 54 21 175 187 58 167 31 142 2 147 141 110 137
83 127 11 61 111 124 194 152 8 138 40 192 11 186
8 60 155 5 2 169 141 11 136 19 190 59 154 84
107 91 75 187 152 12 126 191 9 146 131 39 63 32
192 170 24 6 28 3 95 8 172 55 103 36 119 80
150 101 159 182 141 27 31 125 39 22 184 158 103 138
93 11 184 134 195 189 49 90 161 134 182 3 133 28
58 109 156 117 65 4 65 100 74 159 30 73 15 39
178 142 13 173 159 101 184 115 104 176 86 49 111 127
80 110 6 44 71 175 151 13 97 183 2 95 17 34
67 161 28 158 178 51 118 147 76 29 33 10 79 108
77 87 25 103 109 125 162 80 165 5 132 66 105 180
72 162 115 122 140 114 78 138 43 134 139 102 141 195
57 109 53 123 68 122 117 122 113 141 97 183 158 192
10 1
4
1
4
8
3
3
2
3
5
2
8 8
64 3 57 21 59 14 34 36
37 29 8 47 6 16 4 53
54 9 23 13 17 7 44 49
59 29 63 60 35 46 54 48
13 46 38 7 7 19 38 40
54 36 37 11 32 58 27 61
52 39 25 41 62 1 35 31
15 36 3 40 37 2 41 25
1 3
2 2 1
17 13
92 211 4 210 41 39 24 56 123 75 102 125 1
118 46 205 76 19 23 112 135 156 199 25 209 106
111 137 184 208 7 125 185 145 87 53 76 148 61
105 9 46 102 106 195 138 127 142 88 26 127 115
13 139 93 162 63 119 49 130 154 153 22 107 104
181 196 84 3 195 27 159 137 107 176 182 192 62
165 4 7 195 118 191 97 194 98 34 108 144 55
52 131 130 130 175 41 114 98 162 24 150 144 145
121 174 5 86 16 190 209 33 95 215 144 129 120
145 40 183 187 130 143 19 111 37 85 56 55 186
45 65 130 220 74 51 72 199 133 7 16 215 83
206 20 56 204 140 172 17 23 171 93 63 1 21
37 73 203 90 133 6 174 179 102 182 48 7 214
115 19 178 12 103 157 16 10 91 182 133 126 79
61 131 74 142 58 74 183 105 221 37 18 88 73
196 100 12 156 38 129 211 52 142 36 145 65 38
216 152 106 116 202 204 54 175 140 79 166 221 152
10 14
69 19 61 134 59 37 4 96 104 91 96 133 78 79
79 138 125 56 102 64 130 54 135 81 58 140 78 64
63 128 36 47 23 116 24 26 92 88 14 137 76 133
121 130 68 18 29 89 124 114 34 49 4 92 88 131
46 27 12 131 21 50 55 80 117 37 74 65 84 114
50 10 85 90 79 40 140 37 133 5 19 13 83 140
44 51 32 48 115 104 59 122 114 118 42 4 80 112
83 97 108 140 40 39 137 100 62 12 72 128 137 138
80 125 10 25 21 4 93 32 11 90 121 95 34 1
83 23 48 125 108 49 47 93 92 138 34 33 68 52
15 15
62 19 176 203 45 23 116 105 56 167 177 15 147 19 111
185 167 176 13 199 153 12 145 72 75 161 81 17 142 159
169 45 88 107 45 148 6 175 186 224 214 68 30 169 112
164 189 24 221 135 191 59 82 59 89 76 112 158 28 12
225 158 204 194 122 56 86 205 174 12 208 142 225 170 15
37 189 72 9 152 73 120 106 223 184 181 106 203 70 101
180 225 55 63 207 23 190 44 107 98 205 53 219 46 55
202 116 171 38 205 192 75 25 96 108 200 32 206 178 109
102 4 169 19 146 66 17 39 15 85 5 207 41 68 150
29 104 44 54 22 135 125 159 98 130 70 112 186 8 194
196 167 201 25 41 107 121 32 129 89 64 29 58 211 77
200 176 145 207 58 44 21 179 178 9 218 39 112 8 173
4 105 123 39 128 99 212 17 84 142 20 135 83 100 175
57 139 50 71 20 192 81 188 202 165 147 89 187 63 137
43 224 128 76 44 21 223 219 204 149 122 181 50 117 107
12 10
51 99 116 105 78 100 100 77 90 92
21 84 64 86 100 85 31 119 90 11
110 59 94 120 47 75 20 23 87 117
3 27 59 25 4 38 44 35 31 66
35 89 16 30 15 50 38 102 51 65
60 34 5 94 73 48 25 55 18 32
108 8 7 61 12 12 82 27 77 94
11 41 118 65 81 37 74 32 108 118
99 2 22 82 17 54 112 36 47 7
72 113 118 109 63 24 19 64 113 108
28 105 110 47 17 38 37 4 53 114
112 17 51 119 67 119 21 49 46 48
16 6
28 18 57 72 16 5
50 45 84 94 24 42
70 30 55 47 80 83
69 7 43 55 59 7
79 53 81 33 56 75
85 85 86 75 8 38
81 92 21 74 55 30
15 60 36 75 37 76
13 24 5 85 9 27
43 79 28 70 67 59
1 81 67 92 51 86
94 69 88 54 70 45
11 25 33 63 4 51
71 14 70 1 85 6
37 19 81 30 18 36
59 41 37 68 12 75
19 10
59 90 144 78 171 134 29 90 15 84
83 26 147 106 106 167 88 75 19 94
84 45 182 190 29 26 4 161 109 28
134 102 189 126 47 73 58 32 108 189
18 31 21 22 178 177 72 164 22 24
167 115 111 47 13 48 138 65 74 133
17 182 34 165 182 42 153 126 179 59
99 155 135 73 108 188 126 184 114 133
79 12 17 118 56 28 10 67 10 24
182 78 21 139 169 36 70 24 54 142
13 31 150 51 148 148 34 71 168 40
133 172 53 93 57 11 112 74 137 53
65 53 5 148 99 165 33 29 55 122
16 134 102 62 29 132 110 16 55 170
90 43 116 121 167 108 24 117 1 77
162 9 176 138 161 72 70 108 65 20
152 105 12 115 152 41 121 58 62 125
114 44 62 144 96 140 169 67 106 82
169 113 5 113 138 14 134 88 169 63
16 16
19 220 180 112 181 113 120 67 174 82 89 138 137 193 151 152
58 157 237 234 100 5 153 232 224 162 146 237 95 149 227 118
57 233 132 29 104 30 225 138 200 181 146 217 114 30 78 196
203 23 83 150 180 174 163 211 117 162 155 184 86 96 41 40
137 51 12 106 84 153 81 190 171 73 113 3 108 191 164 12
123 65 168 18 93 32 55 221 59 117 25 191 230 15 240 30
92 235 122 6 110 52 237 177 39 225 85 24 118 95 110 235
88 202 37 149 140 148 49 209 114 233 40 28 161 8 183 219
55 192 212 159 117 18 44 241 188 240 235 242 222 245 168 74
68 4 86 51 171 93 89 1 23 211 178 45 250 51 192 149
112 214 24 61 221 45 126 242 159 225 27 249 110 35 104 75
102 254 21 194 99 171 123 231 207 68 197 75 152 252 6 217
155 141 50 90 2 118 230 208 163 198 243 95 7 97 236 100
158 141 168 212 32 163 165 178 234 95 51 31 84 67 128 172
29 129 96 83 35 137 8 54 118 251 10 64 37 88 53 37
108 238 128 53 165 79 27 32 249 93 230 50 100 200 49 165
13 13
25 163 131 128 157 11 147 103 75 6 24 73 20
29 128 152 64 57 118 53 149 134 138 43 125 133
115 34 102 77 70 55 99 23 125 136 28 109 144
95 113 62 137 127 2 74 141 109 34 96 89 2
131 121 100 67 75 10 129 91 33 33 80 119 43
8 88 17 125 137 147 111 89 73 114 2 36 162
133 101 63 57 141 109 9 109 27 150 150 77 61
9 117 130 169 95 109 49 152 113 57 119 153 167
106 69 93 83 137 5 31 39 87 112 5 39 28
163 1 42 163 122 166 158 161 66 164 144 64 150
69 91 5 23 29 134 80 94 5 52 147 63 93
98 48 83 54 71 71 144 127 39 129 106 64 76
144 131 109 35 104 103 164 101 41 122 158 60 87
20 20
173 20 60 288 211 126 319 84 395 295 187 105 282 318 168 204 375 337 205 148
256 200 373 237 377 149 275 209 148 294 381 19 108 260 35 327 11 124 115 321
396 40 341 216 11 201 81 343 296 50 385 144 202 292 112 349 160 274 178 357
243 48 77 199 7 45 133 389 96 74 246 384 129 118 122 92 336 247 282 48
22 23 17 365 258 249 108 153 77 22 174 214 216 57 112 99 305 355 262 303
293 267 204 117 367 294 143 297 303 287 72 205 278 371 35 144 349 123 30 52
197 215 29 138 72 164 106 188 255 281 185 167 302 372 42 355 106 300 280 321
314 354 174 256 363 169 233 363 205 383 9 130 267 167 225 388 296 325 269 198
309 229 51 243 319 168 147 159 373 44 40 185 215 390 208 157 137 319 360 196
87 360 49 329 387 347 79 56 378 400 31 36 229 89 296 341 220 235 315 365
372 249 21 166 312 190 275 234 149 39 84 397 208 283 346 331 3 184 90 282
292 315 36 396 326 331 284 67 72 370 342 256 348 121 257 299 163 159 42 313
339 118 321 12 330 235 344 317 316 16 152 78 9 311 382 31 90 381 179 368
281 400 121 158 128 255 209 283 362 204 217 382 278 224 338 260 75 140 384 258
21 248 203 137 252 234 339 244 197 68 96 80 306 90 55 328 69 14 136 301
51 74 276 30 115 42 381 362 245 179 21 127 239 228 296 157 227 103 374 333
92 4 136 87 55 35 308 197 191 203 204 242 320 364 256 93 221 149 4 112
206 339 12 8 145 200 243 128 96 323 187 206 371 81 95 362 60 159 53 7
289 315 31 383 279 247 16 351 313 40 380 236 296 385 312 208 236 119 80 357
153 369 295 301 173 47 217 236 325 35 189 114 32 112 182 233 283 109 216 23
10 4
24 33 16 29
4 7 23 10
40 33 30 5
12 23 33 25
16 31 18 32
36 23 31 5
10 16 21 21
10 38 3 5
34 3 13 7
32 28 26 22
8 9
65 32 52 69 37 4 60 1 18
47 18 44 55 64 1 56 66 19
70 42 40 45 44 42 2 31 39
14 56 33 69 26 40 36 65 54
47 59 65 67 48 23 7 51 34
46 52 28 3 24 32 25 59 21
39 30 19 30 29 5 4 22 34
10 68 61 57 63 68 50 50 61
13 19
141 201 108 52 237 12 206 133 21 24 145 48 233 53 95 54 148 241 158
90 83 224 144 231 218 7 210 141 35 77 240 102 81 236 25 200 112 221
147 15 203 54 7 44 205 184 68 69 48 95 240 37 244 148 87 220 110
16 140 106 164 61 44 97 92 41 32 115 175 23 68 120 5 143 59 44
237 30 221 14 165 156 207 177 167 148 19 50 196 157 160 244 145 111 76
94 15 216 175 107 144 82 80 98 53 179 195 219 198 29 122 50 48 29
128 80 169 141 228 208 189 30 129 109 179 4 72 74 245 70 192 184 23
91 121 223 118 120 152 232 88 239 193 127 13 101 187 235 190 28 142 152
134 45 210 173 72 16 247 110 39 226 105 224 89 40 239 220 46 130 144
57 50 23 15 149 116 173 132 83 186 28 154 205 106 223 23 201 185 97
44 132 48 67 128 77 81 117 166 241 80 66 30 16 60 73 169 232 11
74 12 58 11 3 213 81 4 131 234 185 103 136 58 121 164 210 196 80
96 85 27 18 46 202 64 16 111 148 174 223 152 237 198 160 172 16 28
7 18
95 31 69 39 119 114 119 27 101 100 69 124 19 56 104 70 9 52
22 70 123 55 23 64 74 20 118 108 45 104 65 10 82 58 23 81
113 98 101 69 15 53 53 14 5 24 68 95 71 85 40 124 117 56
78 44 35 73 98 81 109 101 75 57 58 72 67 125 104 94 27 125
68 75 40 108 49 25 22 102 105 88 61 19 12 104 82 67 2 41
72 1 57 70 79 38 91 13 114 30 34 78 80 33 88 84 63 26
97 103 6 103 101 65 29 45 29 36 94 72 4 16 48 9 100 31
6 19
83 84 108 88 45 92 97 2 72 96 33 60 35 56 88 45 112 62 62
77 7 96 99 99 47 5 16 112 111 28 31 26 92 78 94 30 73 70
70 85 52 16 104 15 40 17 48 109 69 99 9 113 20 70 52 49 56
55 89 110 29 91 45 40 22 55 111 69 45 95 23 49 112 66 85 11
31 93 18 39 97 12 85 45 48 30 88 25 62 39 97 107 14 62 58
16 8 36 105 5 108 59 94 3 25 76 33 24 97 60 38 71 92 71
11 11
89 22 26 52 39 41 41 36 37 68 55
101 34 23 114 71 16 57 108 9 3 81
62 73 104 113 38 114 27 109 23 7 44
58 90 1 97 97 4 108 46 88 65 27
79 23 10 20 115 14 80 49 39 17 89
47 42 111 98 11 65 20 57 37 81 33
74 59 80 69 34 95 7 42 71 2 77
14 23 11 85 47 64 89 40 26 56 120
114 55 97 90 4 120 101 14 107 49 114
89 49 6 89 27 68 44 87 7 64 78
95 61 40 106 86 1 12 118 41 67 102
5 7
8 11 17 1 32 24 24
33 28 22 35 7 6 5
18 20 6 34 9 30 17
15 11 2 34 18 30 24
34 23 7 9 24 9 15
7 14
76 30 25 36 71 42 79 39 17 76 20 61 1 32
69 11 16 82 5 12 37 87 46 45 69 89 30 24
19 20 65 95 17 31 21 85 44 77 13 4 7 59
10 93 72 97 36 22 54 39 57 2 18 61 48 83
76 12 51 3 95 41 7 75 44 74 89 72 67 37
30 47 88 92 6 45 44 95 1 14 59 45 9 65
12 97 76 43 55 90 44 42 15 66 52 42 49 97
6 15
66 81 24 8 60 56 88 80 67 90 75 40 63 71 2
78 3 14 60 16 63 8 85 66 4 67 83 69 55 68
36 83 59 42 72 36 57 86 59 23 11 84 63 22 51
11 78 55 44 88 40 35 79 1 20 44 90 85 34 1
68 13 24 75 41 46 19 39 10 14 47 31 44 79 46
79 37 37 41 59 90 26 83 75 63 83 32 83 8 71
7 7
20 24 14 19 37 18 28
6 4 12 27 45 10 37
37 33 26 36 48 15 42
38 13 32 40 49 45 39
45 30 25 22 4 6 34
47 39 37 48 36 36 30
25 28 20 28 9 15 16
2 18
16 11 26 16 5 20 32 12 10 27 10 4 34 4 1 3 3 15
36 25 8 2 17 28 28 32 32 35 27 7 27 19 20 7 12 10
12 14
163 23 81 98 121 40 52 57 12 88 1 120 138 100
96 77 123 48 168 26 47 102 18 11 113 39 52 164
97 104 137 149 136 139 37 115 20 97 47 148 99 42
111 38 37 33 135 84 114 110 93 86 154 65 102 60
59 48 111 64 77 149 21 13 34 127 116 111 153 3
93 32 145 128 24 116 154 124 153 106 40 165 15 48
129 16 119 98 22 16 23 30 6 11 39 151 117 31
146 83 163 124 17 147 73 118 145 104 111 42 11 28
105 50 73 52 64 55 153 16 52 122 58 35 111 103
146 54 45 38 106 36 88 95 49 153 95 41 61 84
110 160 161 6 50 81 16 93 3 107 72 154 155 27
65 148 29 83 52 110 71 49 25 76 122 120 152 69
9 9
28 8 32 17 71 77 56 49 53
57 46 21 52 7 58 28 1 33
57 31 26 44 45 35 13 39 65
45 4 67 42 64 77 33 66 81
65 59 51 20 24 44 31 65 26
34 58 19 59 26 49 81 29 2
8 7 12 38 13 3 75 23 75
28 2 57 77 60 25 7 9 51
74 60 32 36 45 60 39 24 17
1 20
2 20 19 16 11 3 19 12 3 19 12 1 6 2 8 2 15 5 4 4
15 15
196 58 112 33 137 206 111 103 1 135 109 196 95 30 8
135 20 185 128 159 49 28 155 218 152 154 2 185 159 149
170 199 194 19 56 44 25 93 203 186 105 222 6 204 107
174 79 62 203 162 136 52 103 103 20 180 185 218 48 122
137 66 4 151 37 187 40 119 165 128 90 88 36 36 214
85 125 59 90 45 182 107 32 17 225 81 55 14 193 152
35 213 149 143 101 131 12 46 65 14 21 30 52 147 199
24 209 62 61 26 123 224 19 188 85 52 118 134 184 14
39 193 143 73 46 120 4 192 188 202 171 180 34 113 171
116 149 184 200 145 155 70 119 29 189 159 2 14 7 189
139 51 163 182 120 142 146 124 81 168 2 150 176 146 90
178 104 152 112 33 159 130 51 27 57 31 188 10 105 212
192 183 124 15 217 69 87 37 145 98 14 16 223 70 25
209 8 73 22 188 188 100 95 102 123 168 143 225 149 23
60 135 63 147 71 217 14 144 4 8 37 12 105 175 121
10 6
43 17 2 34 47 34
5 46 19 36 22 18
34 44 43 5 48 52
18 28 57 47 27 12
13 23 38 2 36 31
45 37 60 15 37 26
13 16 18 43 29 29
53 30 1 11 28 45
48 18 58 56 47 57
36 39 45 21 32 46
11 20
55 156 47 187 30 69 48 153 113 96 108 84 71 38 206 56 92 29 124 167
70 89 172 17 117 55 147 112 26 152 48 24 170 70 188 8 135 70 186 109
188 14 170 139 114 33 199 33 88 98 209 49 179 118 91 118 75 151 54 10
33 217 175 1 209 151 146 208 49 92 2 90 77 52 91 74 215 111 160 205
175 8 42 71 167 42 142 181 112 40 53 135 4 71 206 101 149 47 98 6
212 135 197 197 124 109 142 36 18 54 203 180 216 198 82 71 186 209 180 173
24 163 177 85 3 153 103 139 109 169 60 188 152 99 101 6 183 218 51 107
178 136 125 133 27 173 66 128 39 203 139 87 180 71 29 13 166 204 36 120
213 66 83 149 132 61 11 32 156 147 55 133 60 20 175 108 121 21 178 121
219 17 98 121 107 105 106 186 61 154 70 110 69 194 119 8 105 67 204 55
134 143 130 155 16 22 215 10 181 178 29 24 218 70 157 39 45 33 76 50
5 18
45 52 10 60 22 5 45 40 15 51 4 41 23 62 18 69 4 59
51 55 55 58 61 58 26 16 8 4 64 23 76 33 33 70 77 63
62 18 62 37 35 8 59 47 24 85 36 69 10 90 36 55 25 53
30 89 54 3 75 46 41 3 52 18 81 88 58 61 20 5 86 51
13 15 39 49 50 69 47 27 45 64 81 46 42 56 17 46 43 63
19 19
246 292 84 37 328 55 32 41 267 238 63 41 115 234 43 56 248 44 287
160 123 120 98 196 34 46 188 274 33 114 243 108 130 358 305 227 18 332
156 211 199 247 353 225 79 11 108 12 182 17 332 47 309 20 351 126 136
273 119 95 131 261 192 159 32 4 239 275 215 124 322 40 37 224 344 249
96 298 154 137 349 240 48 265 320 95 116 300 205 95 233 174 274 156 241
278 36 265 333 330 331 277 1 253 217 253 194 267 3 69 114 123 250 247
308 350 317 56 308 335 275 302 104 147 31 65 112 103 174 226 250 354 288
123 357 175 3 131 36 82 78 160 114 139 342 209 330 42 311 185 18 219
143 120 254 226 191 310 337 155 293 201 188 182 303 283 112 15 242 16 29
307 27 215 39 270 238 46 19 125 292 131 356 22 39 87 240 265 142 210
7 37 111 292 132 239 313 139 240 176 110 247 13 65 270 51 13 248 181
266 86 332 50 107 290 314 274 146 36 237 221 307 150 7 230 314 101 140
52 273 131 270 322 192 307 13 32 47 157 43 250 325 290 259 220 202 266
333 284 345 105 170 331 211 78 49 45 210 21 236 137 115 287 162 73 125
11 94 195 180 298 260 253 319 138 54 77 36 352 287 137 225 72 166 332
212 257 339 84 329 38 311 37 210 162 123 217 321 55 276 68 67 146 83
167 37 237 196 101 96 155 143 53 339 116 128 260 188 71 109 106 210 51
208 288 345 69 57 176 296 91 167 300 65 215 143 200 76 35 210 275 152
111 324 285 296 306 47 266 65 12 133 137 181 155 196 323 191 331 301 115
5 5
13 2 17 20 1
18 10 1 25 10
16 21 7 1 2
15 14 10 12 20
11 9 21 12 3
20 9
42 166 125 70 54 93 68 167 57
179 97 95 32 116 174 130 111 133
41 86 67 61 25 74 150 157 86
164 54 50 177 113 141 99 92 88
121 177 64 166 126 152 112 134 56
174 5 66 106 35 35 8 87 164
147 42 81 6 45 21 83 103 107
21 1 63 127 92 170 73 153 96
23 21 48 151 83 139 50 114 141
170 104 70 74 43 145 163 144 160
115 170 150 21 52 79 3 74 111
116 125 143 127 6 65 145 121 14
149 51 21 103 27 125 120 2 54
153 41 158 127 88 6 28 133 39
142 28 82 127 20 174 70 166 99
47 179 145 153 63 126 149 99 88
76 150 111 118 153 150 37 63 111
37 148 81 173 118 108 19 151 160
57 77 121 147 32 173 18 162 58
10 170 29 79 150 53 91 140 165
19 19
318 32 24 105 137 147 313 148 13 329 234 141 312 215 54 342 324 6 98
117 114 165 343 258 12 108 338 294 261 206 4 48 38 343 64 173 71 166
323 57 267 62 82 96 81 349 300 349 355 343 188 346 112 88 93 129 275
197 130 223 102 109 17 261 193 316 13 114 165 209 242 246 207 265 79 289
196 252 116 232 60 64 55 62 54 211 190 218 102 6 347 170 234 198 279
242 43 15 113 48 58 281 323 212 152 138 64 59 123 244 63 29 228 348
158 229 266 29 194 10 33 327 250 297 151 96 160 25 184 337 98 219 181
250 80 55 301 62 77 69 270 136 324 288 70 158 303 93 352 332 165 224
305 83 172 158 97 314 189 99 327 119 192 170 180 196 171 339 48 156 12
3 121 259 158 290 323 16 332 311 19 45 160 153 56 186 12 222 68 200
340 216 334 233 223 268 59 211 127 307 94 321 276 341 358 58 316 267 176
256 248 97 183 113 352 225 106 338 317 277 245 334 32 230 266 9 233 166
222 166 87 76 71 168 228 200 94 285 202 347 213 229 2 335 270 201 307
80 268 148 312 44 216 60 164 326 325 164 349 41 200 7 142 172 115 194
327 216 264 55 231 126 138 174 290 38 64 102 198 190 357 222 146 228 287
57 14 25 107 346 44 82 310 74 187 332 360 82 320 288 90 41 70 87
107 190 53 162 38 268 85 68 57 291 144 232 199 107 208 10 28 286 27
58 75 89 19 174 37 286 59 327 298 36 202 145 152 69 228 353 38 190
127 330 78 87 244 110 179 47 123 140 325 32 215 139 176 267 144 217 165
12 20
128 238 7 26 210 64 110 118 149 162 72 103 87 84 202 179 62 43 2 228
204 53 192 19 145 122 136 175 219 97 64 186 168 140 21 81 92 1 122 198
46 53 112 91 60 55 33 44 176 199 69 186 106 1 200 224 76 26 115 132
5 5 151 219 229 67 40 201 143 165 118 117 172 63 38 197 172 202 31 202
104 182 1 186 67 107 160 198 175 106 207 56 171 5 22 123 90 87 22 199
15 1 227 151 148 130 64 185 42 35 201 129 91 204 105 106 171 214 28 59
221 142 95 97 82 67 68 110 76 44 177 62 240 121 104 18 186 52 129 124
203 35 51 149 189 190 161 222 71 55 1 129 91 123 9 227 61 195 115 120
79 215 143 147 199 128 182 121 2 168 124 97 129 1 240 170 130 158 62 121
202 50 19 237 29 163 240 128 176 42 151 29 6 170 66 137 167 139 36 208
47 18 7 156 2 175 84 84 157 162 146 175 232 106 21 83 215 108 71 143
224 92 133 145 103 91 64 52 212 126 180 58 6 182 5 130 225 33 165 39
17 14
230 237 196 22 233 63 11 236 183 30 71 148 79 88
225 124 1 205 104 124 181 161 73 238 89 25 173 64
216 194 213 232 104 142 156 147 195 120 142 132 140 118
50 127 23 230 196 41 92 165 170 209 189 122 197 61
129 159 57 11 167 78 132 16 238 70 123 203 95 105
77 187 212 22 230 118 197 100 41 57 161 72 22 57
93 149 144 162 1 199 35 170 138 219 49 2 74 57
46 75 195 78 174 119 92 37 156 16 153 46 198 147
140 142 113 85 13 69 89 68 44 137 219 198 118 46
30 117 133 174 177 194 210 121 224 64 220 32 31 81
43 130 87 186 195 68 136 109 173 175 104 173 86 44
19 136 109 20 101 111 14 213 177 117 16 219 85 33
173 185 155 110 106 103 233 58 73 15 138 8 53 131
209 147 134 78 199 228 217 231 169 85 84 182 39 65
89 78 167 4 64 237 172 107 18 181 148 56 188 103
101 238 23 225 57 80 1 232 171 43 46 189 216 208
93 127 210 193 3 32 31 80 5 58 129 231 181 28
10 10
3 52 11 26 3 16 82 20 100 57
55 69 64 58 10 60 76 58 8 84
72 30 17 11 5 16 88 75 97 29
75 50 7 9 98 33 17 27 26 1
76 89 79 73 3 45 89 20 53 97
92 20 9 93 55 49 59 79 25 64
74 85 27 96 72 27 97 30 26 92
8 37 58 11 8 28 43 47 100 73
72 92 51 84 48 49 82 57 18 93
44 11 81 34 9 24 43 91 12 94
3 3
5 7 6
3 1 1
1 9 4
16 5
7 56 33 28 80
37 73 40 18 51
72 40 40 2 68
15 19 56 41 24
66 54 69 50 45
42 61 39 14 78
58 46 13 13 36
71 39 6 9 36
42 9 9 71 64
62 49 69 37 5
3 42 70 7 14
7 40 60 79 6
50 54 4 14 57
11 73 49 54 80
49 3 37 48 34
54 29 60 13 32
20 20
216 254 77 356 202 2 224 210 259 343 357 83 117 341 110 293 99 224 385 39
149 267 231 109 341 74 243 272 57 21 60 226 29 344 25 191 76 247 264 191
171 191 332 119 322 136 241 96 280 134 156 63 250 175 387 291 215 135 70 94
203 295 105 298 246 28 320 301 233 283 54 7 204 338 9 152 238 10 133 351
90 184 283 381 115 51 286 23 156 192 107 346 246 314 146 25 247 269 69 82
339 145 236 208 10 371 226 89 222 303 255 310 111 90 227 179 132 316 332 93
56 379 132 360 303 66 171 67 244 32 332 339 257 317 190 75 105 296 73 205
181 267 83 331 153 80 295 246 210 61 400 104 95 26 295 285 73 115 359 11
113 153 137 82 148 116 305 94 93 275 52 74 327 339 52 399 349 93 314 75
353 266 271 204 21 306 87 75 297 2 59 149 337 236 1 324 354 8 9 237
154 233 22 275 153 42 152 217 47 167 114 36 4 7 397 286 366 135 24 87
146 291 90 38 74 13 182 126 143 239 345 28 115 237 20 76 126 324 48 379
163 304 306 262 223 57 237 114 173 12 159 245 88 120 281 50 238 143 254 114
190 77 103 125 94 277 368 297 203 326 35 377 397 284 335 22 70 307 372 363
24 23 222 314 288 391 380 28 259 135 140 230 99 37 148 183 221 259 31 333
147 99 227 88 49 113 139 326 30 121 86 174 289 202 187 88 221 211 6 169
107 185 36 44 307 74 279 124 86 44 294 238 378 127 149 123 291 353 156 220
251 80 326 94 302 330 184 100 196 224 172 156 139 249 186 138 81 131 98 160
107 52 72 47 133 174 76 391 359 1 356 250 191 107 297 127 161 331 235 339
216 3 146 234 311 187 194 258 81 81 314 360 129 14 89 356 183 181 301 208
1 17
15 6 15 9 3 2 3 1 9 5 12 11 10 10 9 7 12
6 2
12 5
4 9
9 5
7 12
9 12
5 6
18 18
289 83 123 168 66 165 230 248 319 180 281 55 271 285 177 233 293 283
43 37 272 116 166 98 192 60 154 249 104 132 280 164 29 226 274 312
309 135 114 37 34 213 238 35 162 200 174 21 46 177 37 209 239 43
179 230 305 142 116 176 156 101 119 51 185 171 218 59 1 230 181 114
130 317 310 159 70 21 107 127 238 319 227 299 9 20 140 302 249 166
139 65 187 271 311 30 321 59 79 253 286 259 310 249 87 141 16 315
133 148 35 132 268 310 301 246 121 49 89 222 208 211 154 53 309 168
291 281 10 126 102 21 299 17 44 250 309 101 105 270 229 237 181 87
272 90 46 270 48 273 266 208 270 66 150 206 300 202 61 140 287 16
62 9 133 72 173 132 28 128 196 182 211 29 83 8 119 94 3 198
198 216 264 222 244 39 82 72 98 228 264 296 76 240 152 256 276 268
15 27 133 283 118 97 251 102 84 100 139 119 151 52 151 238 277 32
37 93 299 41 100 298 172 285 25 59 76 37 244 122 192 192 271 206
163 180 152 30 212 210 2 49 75 102 115 84 94 237 317 305 88 304
314 321 189 26 287 200 137 49 24 144 95 6 295 124 190 139 48 296
7 67 112 99 226 97 249 264 247 93 221 14 90 93 180 195 86 239
25 168 131 137 82 152 32 217 27 282 211 186 185 56 89 286 47 42
81 234 262 4 253 101 247 94 240 27 122 210 305 17 263 99 135 303
8 8
8 56 58 26 29 22 33 23
13 10 39 28 9 55 17 41
49 1 31 47 12 20 31 49
26 27 62 36 40 57 27 24
38 53 46 30 38 59 63 60
37 17 54 41 58 4 56 59
32 8 32 43 40 40 20 10
41 62 57 53 50 39 1 51
8 1
5
8
7
6
3
7
2
5
18 7
14 80 73 72 115 95 94
28 21 98 114 32 102 120
29 29 99 42 111 83 17
52 73 44 121 92 60 54
61 73 5 35 93 21 56
2 59 119 119 54 53 22
83 111 27 65 61 124 80
83 104 42 104 95 31 122
85 107 126 71 8 103 56
28 42 30 81 94 5 55
96 122 36 47 119 117 33
43 75 39 118 26 85 40
84 61 108 85 57 10 104
126 53 112 36 122 36 3
53 120 107 62 67 40 106
41 3 17 117 100 36 16
96 107 40 55 50 4 29
29 84 53 29 106 114 77
4 20
58 14 2 43 67 23 30 66 80 11 32 15 33 43 71 4 14 47 48 39
37 55 60 50 18 61 60 22 10 23 44 48 67 72 9 68 35 54 80 6
4 6 53 39 49 3 76 60 48 78 72 11 12 63 46 15 78 58 5 58
71 29 60 10 44 6 23 20 46 49 8 29 52 78 54 56 8 17 29 57
15 5
74 71 73 72 30
14 65 65 59 30
47 73 56 54 3
7 75 55 15 74
14 42 23 63 59
66 27 15 17 45
2 18 23 18 16
7 15 51 63 4
42 10 3 62 61
26 10 30 28 61
36 2 65 6 15
70 67 68 4 54
69 9 75 35 24
69 48 3 44 58
16 19 34 4 74
9 9
72 38 75 75 19 51 35 12 16
66 27 68 54 16 22 72 5 46
77 5 52 74 65 7 3 76 7
43 71 62 77 75 25 80 55 55
79 69 61 57 52 76 52 68 21
44 78 74 69 29 54 14 52 19
42 12 38 8 68 49 38 40 68
6 81 3 62 60 7 72 33 23
6 18 39 78 8 50 26 48 37
18 18
199 154 83 165 235 104 321 247 263 110 87 129 202 31 208 301 19 9
67 270 18 76 205 79 127 236 176 75 100 147 296 72 232 138 41 247
276 130 319 276 47 275 150 304 231 165 41 35 258 235 221 115 56 209
212 207 305 13 141 280 23 166 136 236 134 118 69 28 208 39 181 200
226 125 21 19 144 62 323 301 189 235 277 230 297 110 149 47 168 41
3 92 74 287 217 304 206 114 84 38 33 150 89 295 62 68 307 228
107 211 317 42 27 232 221 55 27 188 134 280 60 308 115 278 58 260
300 203 131 2 262 127 308 47 5 167 5 279 213 273 117 198 31 110
148 190 149 281 152 205 145 122 283 5 44 11 295 247 146 66 1 101
58 268 185 182 259 262 14 172 3 3 78 169 313 74 184 295 306 182
257 39 48 171 143 133 59 300 109 131 193 299 177 287 45 297 111 123
273 96 190 52 172 27 257 11 207 201 32 273 291 81 306 101 173 174
219 28 107 35 171 304 143 178 294 170 318 166 287 155 141 212 60 290
40 99 188 76 77 188 115 4 101 169 271 271 155 232 208 121 109 309
159 318 254 62 168 248 70 259 294 316 197 186 56 156 148 224 33 201
175 98 77 14 272 127 19 1 129 115 252 101 144 262 183 14 308 31
175 201 148 48 177 284 232 175 174 250 232 98 25 44 5 87 311 293
31 44 76 284 257 135 13 127 201 162 191 146 67 90 236 59 121 181
18 18
209 162 63 86 15 276 295 307 323 8 244 226 63 114 244 130 254 147
175 285 275 112 229 196 205 50 122 256 224 9 266 90 190 271 54 302
86 196 9 228 101 96 16 280 39 182 124 85 11 323 228 268 191 246
123 35 212 123 233 140 262 122 156 44 54 223 103 191 128 201 321 125
275 148 143 132 35 104 67 88 258 203 222 195 48 203 291 311 110 30
34 81 83 298 35 65 221 258 2 76 121 166 260 1 237 215 102 49
37 128 282 107 174 8 16 284 279 142 218 84 290 190 248 25 22 251
167 299 146 294 124 122 211 153 78 53 156 114 244 313 146 138 170 66
71 2 87 188 320 73 175 78 55 248 283 44 55 15 18 64 323 158
80 157 283 148 243 179 266 31 9 150 285 17 113 13 217 188 49 258
166 242 285 110 227 199 95 248 99 51 62 239 243 319 299 264 196 108
14 225 48 61 314 40 215 171 263 53 187 278 272 304 25 6 27 6
293 147 69 34 286 311 148 240 174 159 219 176 291 238 296 257 302 69
125 117 163 283 194 16 295 9 88 283 66 13 242 228 193 137 216 25
19 71 36 299 80 261 246 289 87 188 109 189 5 214 148 246 171 320
320 228 236 4 307 66 289 159 162 279 215 185 48 107 19 295 178 201
201 22 175 230 22 71 253 308 3 137 227 6 179 135 30 112 90 151
55 199 297 324 187 235 322 61 217 45 201 151 77 180 105 249 19 156
3 11
21 7 28 6 1 28 33 18 7 7 32
26 4 7 2 33 33 16 30 3 25 22
19 25 24 14 23 9 24 31 2 12 25
6 5
20 19 4 23 16
9 10 25 9 30
7 22 29 10 25
16 4 5 12 15
16 16 19 30 4
27 19 19 30 26
6 6
31 11 25 31 21 6
8 28 10 27 5 25
10 26 4 26 13 26
22 10 24 23 25 31
9 12 28 28 20 9
5 9 33 2 36 28
1 1
1
2 2
2 2
3 4
18 18
276 25 151 65 225 152 319 262 219 82 145 275 45 187 11 282 320 141
169 113 9 290 76 235 258 120 133 313 265 265 104 106 252 202 285 61
61 174 38 70 6 119 189 200 54 161 18 210 198 106 64 115 106 79
124 249 60 201 254 147 219 292 252 59 225 253 15 236 147 50 265 7
275 209 165 197 17 302 32 5 67 25 5 60 98 308 233 251 225 109
241 264 57 112 74 114 236 129 271 107 31 117 314 111 191 8 8 55
87 242 215 188 116 314 197 203 175 17 3 86 287 167 205 60 200 122
130 298 156 44 317 206 197 42 294 94 156 259 78 194 84 193 226 226
212 265 50 259 215 206 23 133 58 200 323 68 71 108 89 55 93 91
138 265 12 89 57 318 204 311 125 146 191 184 300 159 99 25 252 34
199 136 131 289 300 248 227 102 268 76 125 90 179 105 69 188 126 30
108 90 179 43 250 215 41 122 103 28 105 207 178 202 66 165 72 144
27 278 88 247 205 57 59 82 271 11 15 7 177 245 281 163 87 12
252 301 95 191 26 129 123 154 1 152 190 135 150 273 278 219 262 162
71 239 243 144 295 117 72 49 33 210 185 75 98 142 212 88 270 163
168 289 108 143 4 64 17 5 110 190 70 167 146 161 138 2 217 75
238 171 55 304 152 194 101 50 215 277 181 8 5 322 179 260 324 314
192 254 276 187 58 83 42 121 112 299 293 186 170 155 25 20 161 138
16 3
19 46 20
5 32 11
44 46 30
36 34 17
6 23 38
4 8 46
6 35 39
22 47 16
1 30 16
37 41 27
8 37 18
40 44 32
26 27 6
5 16 35
12 17 4
13 12 38
2 2
2 2
3 2
12 12
117 83 11 47 42 93 124 80 104 87 140 6
23 104 98 17 120 23 32 143 135 142 1 15
108 42 97 93 142 63 57 91 21 25 101 80
74 45 68 138 109 141 108 80 66 107 103 114
42 53 61 82 57 110 144 139 105 14 126 79
59 31 7 144 69 120 11 84 44 71 14 43
63 55 140 60 13 66 35 75 21 127 65 7
136 108 139 1 45 7 22 119 17 70 70 93
104 22 97 29 5 81 95 70 113 121 65 96
12 81 59 63 61 58 62 5 103 90 70 98
43 138 45 135 116 38 59 9 115 119 43 16
71 77 107 95 72 70 47 62 81 60 114 82
2 14
11 3 2 10 16 4 14 11 24 4 25 21 21 10
27 1 25 28 17 16 22 12 14 18 27 17 19 24
12 6
7 40 6 51 55 42
31 52 48 34 34 37
45 71 72 56 19 36
3 8 72 60 28 34
70 66 25 38 14 31
17 39 18 21 54 20
44 64 22 27 4 68
21 36 50 2 50 41
48 12 44 53 11 15
9 18 38 57 12 21
43 8 17 36 31 18
69 63 33 27 47 60
12 12
20 77 116 122 140 36 138 78 103 142 112 66
19 141 96 2 142 128 40 136 114 85 18 122
17 47 98 125 78 34 44 56 86 27 112 51
9 125 19 110 73 54 43 142 62 128 23 114
67 83 24 116 32 136 63 91 5 56 117 124
112 114 17 49 76 108 9 130 102 49 89 112
108 121 73 65 117 22 62 85 87 10 111 103
89 22 130 79 69 110 3 20 105 136 80 95
123 19 116 90 71 4 126 119 70 75 77 62
44 116 90 62 30 89 82 117 111 117 143 75
6 100 114 8 61 39 111 53 23 35 116 16
47 25 119 9 138 32 12 89 89 13 80 67
5 5
2 7 21 16 7
21 16 22 23 19
13 15 3 16 18
24 7 3 16 16
23 7 22 11 24
10 14
106 47 80 22 11 27 82 58 70 51 49 129 108 23
105 56 128 48 135 85 34 78 130 17 37 120 42 12
39 131 2 17 80 99 47 59 123 54 110 140 57 51
115 25 136 91 17 55 129 96 134 13 119 34 83 2
139 131 124 18 33 29 26 93 121 55 59 12 87 107
116 125 80 40 90 77 109 29 46 37 83 93 123 71
10 109 30 39 128 131 117 130 37 132 94 134 56 19
94 132 41 17 74 95 83 57 90 26 22 70 93 102
37 27 105 54 94 135 108 52 14 26 45 53 52 116
109 36 35 17 33 47 47 129 104 23 10 31 107 140
1 9
6 6 3 7 9 4 5 8 6
7 20
18 21 40 99 62 20 98 5 90 113 39 123 57 32 116 13 53 73 107 95
92 108 67 125 40 97 103 7 137 48 90 43 29 16 53 33 22 59 47 132
136 101 138 35 85 14 18 60 27 27 88 134 130 21 1 130 84 109 37 120
61 11 3 124 95 138 67 135 46 106 87 116 101 33 99 7 3 88 139 129
118 45 7 83 86 95 100 33 20 90 30 12 73 133 38 112 87 74 81 12
56 40 130 47 110 76 97 67 67 66 109 26 129 32 137 69 102 33 136 42
126 96 95 62 70 92 111 35 90 68 116 8 90 128 24 51 131 34 77 132
19 7
4 65 114 87 89 106 34
43 9 26 10 78 91 15
125 77 8 122 129 102 94
67 109 70 57 61 57 41
131 70 6 75 31 117 2
59 133 4 51 132 123 115
8 64 63 46 86 34 13
104 86 115 31 55 111 37
3 103 122 106 72 20 63
99 75 129 5 95 59 47
1 72 94 24 113 59 57
86 81 1 99 53 83 79
7 49 97 127 81 46 121
114 4 101 94 72 91 53
121 71 44 83 98 23 20
55 4 61 88 55 97 64
34 110 45 69 131 45 130
46 13 57 5 37 79 80
124 82 30 55 131 129 122
8 5
10 22 18 2 20
21 34 31 28 39
13 8 32 19 2
10 25 40 23 23
18 6 12 8 6
7 17 6 15 31
15 4 35 29 4
29 33 21 24 21
16 17
55 18 223 259 67 205 8 185 129 254 199 240 263 43 97 241 90
28 63 55 28 227 213 63 83 181 61 156 34 262 223 103 230 115
96 51 223 217 245 254 201 227 146 52 22 192 19 190 266 115 229
264 146 100 130 15 257 36 248 121 185 222 133 143 130 72 225 261
187 25 216 139 122 164 259 92 129 35 17 243 159 175 231 45 128
43 81 169 115 113 260 172 6 132 98 130 79 21 72 159 105 144
23 3 265 182 45 171 237 54 112 148 32 133 167 171 220 237 37
80 124 177 67 201 221 94 152 195 257 268 7 227 127 244 70 26
74 125 214 199 92 207 164 6 31 104 43 6 41 268 227 264 193
119 234 100 66 270 269 86 11 228 244 149 192 104 71 84 16 252
97 130 36 224 64 188 177 125 85 18 122 238 46 246 54 200 125
192 89 106 213 111 113 255 129 251 112 224 209 182 128 7 161 129
168 111 88 234 218 199 218 210 86 69 10 125 238 247 64 179 23
20 99 3 41 209 179 119 147 256 5 51 30 51 172 103 44 30
256 180 125 107 126 75 270 230 220 177 158 57 55 191 62 34 171
37 165 159 14 255 61 220 25 63 126 52 116 202 244 99 157 111
20 20
341 353 39 246 23 86 282 225 182 201 4 183 98 74 266 61 262 356 291 72
225 207 211 205 367 332 212 49 131 142 372 191 371 216 246 40 304 273 117 276
33 340 332 134 107 356 363 254 303 205 343 392 304 390 113 162 207 178 177 91
277 149 271 87 76 276 45 335 314 53 4 165 203 230 234 261 298 281 77 327
285 125 223 336 362 56 398 120 25 352 126 23 71 169 69 9 307 120 18 65
186 326 395 153 90 65 354 343 180 44 116 171 307 327 78 21 84 121 12 3
289 89 175 328 126 61 137 88 78 105 184 192 226 201 45 307 400 26 25 143
125 370 387 287 39 224 72 105 257 14 143 22 315 163 56 114 125 373 128 393
128 219 291 130 233 65 63 376 35 37 65 355 24 254 239 118 251 236 81 17
181 170 156 54 347 16 205 153 40 325 30 384 124 50 248 138 128 114 293 380
309 357 144 102 377 52 156 116 357 94 14 353 133 129 279 54 68 277 18 400
116 306 39 96 263 33 185 364 222 80 114 210 267 47 169 28 260 88 77 271
247 124 113 157 4 360 228 347 252 214 315 397 20 287 254 29 294 398 60 235
276 96 283 398 105 56 48 329 142 399 167 73 134 392 400 74 247 113 278 200
373 86 317 115 77 256 152 333 283 59 68 173 312 213 4 22 19 337 361 289
123 140 110 342 246 7 62 282 161 226 322 18 229 266 123 166 322 122 280 81
379 61 213 53 29 19 224 235 109 49 25 264 109 291 197 331 107 45 111 2
55 95 236 77 270 262 297 314 71 207 131 383 314 343 99 359 184 398 276 67
331 251 50 338 395 280 1 59 153 141 375 231 220 378 263 188 37 126 379 259
321 101 333 315 124 271 338 23 204 235 67 242 33 18 106 163 86 176 38 315
12 12
74 91 36 25 104 35 31 70 53 85 4 64
9 24 116 87 54 25 142 125 19 43 130 75
20 15 68 78 55 47 143 126 125 36 132 96
66 103 142 65 44 20 66 98 76 107 88 36
4 17 128 73 118 99 84 106 84 138 9 22
137 42 144 23 66 36 47 1 107 124 23 116
2 84 113 97 138 23 90 42 31 51 73 49
64 109 41 98 30 88 87 61 15 80 90 91
95 113 121 2 68 85 141 51 93 74 53 129
39 1 96 60 59 19 27 75 70 14 6 40
22 61 85 6 46 6 64 109 55 93 55 6
116 54 70 82 32 120 33 36 38 124 108 79
5 5
10 17 23 8 9
16 19 16 18 16
16 3 21 13 13
10 10 23 23 11
21 2 16 4 17
19 5
92 83 27 17 81
40 66 40 80 86
54 47 69 40 53
78 29 49 61 68
31 79 53 28 11
62 52 71 58 92
53 73 60 85 53
62 7 35 1 79
65 92 47 36 83
38 64 32 55 93
75 78 55 3 29
46 57 11 85 72
14 3 74 61 37
17 79 46 73 42
85 60 31 24 31
11 29 36 34 89
63 25 44 20 66
82 85 29 50 8
93 2 34 60 48
7 7
29 8 48 13 4 16 21
39 39 48 25 38 23 3
3 5 33 2 29 27 4
21 29 29 15 20 49 38
5 24 32 24 27 29 16
21 34 36 30 4 3 33
11 7 10 48 40 7 19
5 5
5 23 23 2 13
23 19 8 4 2
13 1 3 11 23
20 18 1 25 5
2 21 18 14 16
15 16
150 44 135 230 56 62 223 48 201 195 216 24 128 84 201 231
196 140 115 12 43 9 75 144 158 43 166 180 37 15 128 230
52 149 120 83 161 12 28 182 177 16 108 62 79 138 46 78
152 150 61 190 70 194 126 175 134 98 18 60 200 32 33 140
83 224 137 147 18 178 18 8 15 81 77 130 122 200 73 27
199 164 145 135 17 69 213 29 94 78 212 212 17 108 115 89
150 195 172 124 14 83 6 27 135 9 237 198 230 162 190 146
180 91 18 185 211 37 68 206 203 164 208 94 85 198 153 146
195 64 231 17 41 83 76 178 13 190 194 208 199 29 130 166
148 95 115 57 109 182 206 69 63 168 154 224 167 162 72 186
44 59 141 22 120 214 151 162 148 18 206 178 64 236 185 124
124 100 58 188 165 125 167 199 31 125 182 220 139 100 148 102
6 74 114 47 175 81 188 95 114 154 103 162 101 131 183 151
158 126 74 228 127 124 165 87 127 88 25 136 198 97 64 186
117 191 58 160 96 119 95 76 41 137 32 146 58 87 111 140
12 19
183 173 118 34 78 95 37 225 38 116 108 138 213 101 131 29 37 205 164
31 213 95 133 10 36 160 194 206 122 227 107 182 103 6 80 118 155 191
4 56 164 23 21 131 64 214 22 136 86 210 21 165 172 54 80 179 95
175 210 148 134 166 107 181 82 119 56 147 111 171 9 53 113 213 69 2
214 128 176 137 7 185 181 73 54 159 91 68 182 54 27 140 147 143 107
94 38 42 137 203 113 202 143 56 4 74 171 113 67 199 57 30 204 101
200 30 173 178 82 74 223 97 59 151 174 20 13 40 9 115 35 142 74
102 107 165 47 197 163 196 16 50 168 154 101 103 46 173 121 27 25 36
73 193 68 224 95 188 87 47 42 49 122 130 218 21 113 9 17 90 10
77 5 11 138 177 30 153 124 38 49 46 43 186 160 169 85 72 36 10
146 75 84 180 223 161 184 73 141 222 226 150 158 134 141 176 187 67 16
179 149 224 54 111 197 140 223 169 82 127 64 156 205 172 153 193 137 227
8 11
82 34 28 73 3 45 87 14 77 73 48
13 40 87 18 31 6 76 70 44 1 41
48 30 51 52 79 41 62 35 39 62 16
88 69 79 34 80 70 5 5 46 76 29
2 13 86 9 29 42 27 34 21 80 75
19 27 44 2 65 68 17 2 79 36 54
60 46 41 67 58 42 49 35 4 55 1
51 53 10 52 1 81 68 12 24 85 41
19 15
267 109 19 274 222 110 231 255 282 134 23 94 151 101 129
87 256 90 63 109 151 7 251 231 245 107 166 234 191 231
121 29 118 171 243 28 100 108 178 55 169 140 29 21 186
50 10 65 229 21 192 277 87 260 105 84 202 163 131 198
244 212 23 126 74 116 8 216 175 150 104 230 231 18 100
249 209 20 222 93 281 46 68 148 252 116 147 150 209 4
114 71 122 119 20 255 39 63 39 283 89 240 68 120 207
227 268 12 106 111 62 118 83 267 133 31 106 55 200 105
59 58 143 260 92 218 163 88 193 148 269 73 233 242 27
137 180 250 10 236 14 169 120 217 284 195 153 230 65 122
281 20 25 171 191 228 97 258 253 111 100 278 213 50 162
62 271 116 260 185 108 266 86 161 31 138 177 167 39 168
155 258 225 29 84 75 249 169 54 102 241 29 128 271 262
76 7 258 116 14 70 175 241 137 225 212 145 202 66 226
117 64 177 22 138 214 60 60 191 110 85 171 240 166 201
171 202 250 194 60 10 191 168 179 12 85 194 19 267 83
259 264 130 234 106 29 134 71 84 130 114 126 87 27 64
191 128 151 176 202 273 267 214 50 221 77 146 63 68 282
70 115 180 118 80 282 207 125 50 76 223 57 247 93 54
4 11
2 28 12 40 8 7 36 10 16 18 34
42 42 44 10 20 8 5 28 39 33 38
15 12 26 14 5 10 21 39 3 2 13
34 33 14 37 3 7 43 37 9 39 24
10 10
28 77 19 90 92 14 24 15 77 66
80 54 78 85 31 48 44 6 17 68
53 88 39 97 38 39 64 60 72 7
9 84 81 58 41 93 65 64 95 51
1 81 41 4 92 70 3 95 39 44
2 85 7 14 20 93 51 9 37 51
69 39 54 28 15 58 90 42 18 71
2 68 53 88 83 94 24 25 99 63
77 47 49 78 28 63 70 79 35 94
12 83 97 28 54 16 53 1 35 33
4 20
25 38 59 45 2 26 80 80 80 20 23 69 59 68 69 29 59 51 61 34
16 5 62 53 27 62 8 51 13 66 43 38 10 69 15 24 8 65 58 50
58 21 1 34 52 74 47 11 10 49 11 22 41 8 72 55 18 76 62 10
47 73 49 28 3 44 11 38 34 9 43 36 9 72 73 4 28 27 4 26
18 18
178 89 128 183 208 67 191 26 292 137 14 292 207 26 120 45 159 29
42 131 218 252 122 118 54 164 152 230 285 96 142 251 169 229 282 198
120 134 232 196 193 99 35 268 76 236 190 138 280 129 44 19 13 252
187 1 292 177 23 291 63 226 319 298 121 20 190 248 30 20 231 214
205 96 78 140 243 305 299 245 322 100 222 252 250 217 290 110 99 40
246 115 168 43 126 85 64 301 78 105 32 145 38 120 73 136 198 265
116 158 277 184 228 160 289 227 290 2 146 146 273 23 53 118 301 162
227 135 178 73 247 194 323 237 156 50 240 16 216 11 70 207 239 109
274 140 64 163 197 173 79 235 151 120 127 215 238 162 35 59 166 263
224 238 19 279 125 292 135 79 120 37 79 128 177 58 140 221 253 321
123 312 197 283 67 162 261 311 235 72 188 103 152 75 210 307 28 284
206 22 201 45 225 227 277 296 7 9 279 309 41 28 132 124 137 280
20 77 223 62 32 280 244 309 309 65 269 122 106 304 73 48 238 63
284 102 273 256 5 5 195 58 144 161 260 121 37 84 215 2 12 14
156 174 146 303 96 98 188 205 145 319 256 134 51 104 65 294 136 8
116 37 319 88 81 219 267 239 271 298 287 60 25 66 285 21 114 224
186 321 312 68 49 300 173 24 16 272 79 6 200 128 263 271 231 37
125 231 81 277 202 273 180 79 230 20 294 70 268 300 305 98 205 98
9 9
53 38 34 5 71 25 47 58 3
24 54 47 26 25 29 1 36 6
56 28 47 74 2 5 44 49 75
11 36 63 17 15 17 35 33 70
38 61 76 21 45 43 36 53 52
6 15 14 52 66 2 15 29 7
37 31 14 77 51 5 28 70 43
40 62 23 43 62 76 7 25 27
43 54 72 19 26 80 81 70 73
1 1
1
13 19
105 125 161 98 17 174 136 145 50 96 76 113 25 152 198 6 58 120 182
165 22 101 33 136 44 21 110 32 123 45 6 205 22 177 165 23 72 13
149 203 170 197 121 188 31 87 153 18 173 63 61 228 47 154 179 184 66
52 16 61 23 89 228 221 13 188 56 156 147 155 25 171 162 138 79 149
236 74 195 67 4 237 210 17 171 25 17 208 241 49 163 163 168 244 228
140 202 162 178 30 61 145 178 26 187 164 187 223 101 103 224 64 225 40
141 91 118 56 32 108 237 40 22 212 166 208 187 139 173 117 219 169 161
85 18 176 68 118 93 51 229 173 44 35 62 245 8 110 232 77 226 25
29 140 149 127 154 225 203 120 187 48 186 36 21 197 146 50 207 58 105
129 74 124 137 42 117 160 108 82 157 104 241 81 100 227 201 194 34 16
79 154 166 13 162 110 198 112 163 12 139 168 215 212 222 120 191 18 235
20 77 107 119 227 125 172 71 47 170 22 23 74 78 247 118 151 7 147
55 67 87 18 141 230 95 20 206 230 112 75 152 117 108 37 159 103 233
3 3
3 6 2
4 6 3
4 1 1
20 18
88 331 124 351 25 147 228 329 108 45 281 41 251 4 5 94 182 97
12 202 114 291 291 82 7 200 65 231 292 89 40 242 344 11 96 165
256 274 225 124 248 272 266 282 144 251 115 31 245 165 107 7 96 293
255 46 311 75 352 120 222 72 64 69 130 115 24 193 242 136 249 26
162 348 189 42 261 20 1 61 134 10 306 252 171 241 192 223 327 184
43 194 298 138 305 198 344 343 186 296 171 187 256 151 277 84 262 295
70 177 83 298 93 261 267 150 103 131 299 26 274 196 143 330 197 68
1 282 246 162 104 22 79 6 315 184 70 261 152 323 63 175 358 236
48 130 83 177 233 39 267 58 69 330 230 283 98 360 12 251 25 313
207 103 210 108 181 264 88 122 297 203 124 346 229 255 121 228 62 185
83 161 356 19 228 215 357 83 29 211 125 343 269 15 331 335 65 3
67 347 8 263 219 11 138 335 277 69 69 279 344 257 147 46 347 41
91 263 55 60 178 305 208 122 262 1 16 57 327 310 272 141 250 66
340 7 235 216 305 172 215 264 237 262 148 240 11 25 77 301 258 35
229 247 290 38 327 18 74 186 240 304 288 347 346 236 126 18 101 354
69 263 76 259 113 244 218 20 193 85 183 125 169 52 282 287 222 249
173 327 109 134 328 87 344 152 91 292 246 25 251 162 318 291 328 11
144 127 225 286 112 116 140 324 207 187 30 246 272 214 283 219 220 57
339 342 203 248 129 83 264 208 185 18 271 355 358 140 309 59 117 99
108 143 169 110 346 179 52 81 197 161 46 91 69 126 61 289 150 232
4 4
4 5 8 14
10 16 4 6
14 1 11 7
16 13 8 11
13 4
50 36 19 26
30 18 50 23
16 8 31 48
9 38 26 38
34 26 43 34
4 37 32 45
5 21 10 14
37 31 41 2
43 18 43 2
37 13 13 51
6 5 13 4
50 9 36 37
38 29 44 49
12 12
114 121 68 34 113 134 98 89 63 42 34 74
137 68 56 44 39 103 97 106 74 133 96 123
130 35 102 32 60 122 10 25 73 42 104 84
42 26 38 67 38 144 33 88 78 25 134 144
40 70 76 138 87 20 31 51 108 38 56 47
102 81 87 5 68 68 19 71 123 49 24 93
4 93 47 93 109 144 107 121 63 136 63 22
15 17 94 36 14 57 10 94 91 3 142 112
25 27 103 112 91 32 109 123 139 99 47 93
90 91 92 60 81 18 30 49 70 31 1 84
11 97 130 115 129 132 50 110 106 83 58 130
11 75 8 1 80 136 39 138 89 14 93 58
18 18
77 291 77 223 93 241 232 220 271 267 19 24 308 275 127 41 50 298
13 221 122 262 190 323 170 323 267 179 237 86 286 46 200 189 311 269
70 152 97 223 220 268 57 14 187 211 62 104 25 95 24 19 306 36
203 280 19 305 291 148 56 315 120 5 204 266 20 188 83 5 74 171
311 261 208 255 72 161 97 259 245 177 228 53 137 194 317 131 236 34
189 10 28 165 166 91 27 175 48 317 85 80 243 303 275 131 194 166
295 151 61 324 288 97 313 202 90 231 185 249 180 189 261 300 266 211
106 240 278 107 220 216 91 313 299 255 20 285 70 233 319 60 186 279
41 243 84 267 130 216 246 12 127 311 44 239 268 259 304 220 169 71
159 272 270 72 63 71 289 143 277 193 76 51 84 246 175 261 212 72
33 126 186 162 132 267 85 275 262 295 254 207 184 109 181 150 189 316
175 319 264 2 249 293 215 265 131 202 256 9 74 168 2 55 311 202
93 122 92 211 207 44 250 134 207 172 27 234 245 3 11 112 12 125
313 311 156 43 226 312 11 83 96 20 57 96 294 296 165 159 278 104
12 6 282 32 19 29 107 203 209 284 110 225 221 313 285 256 46 39
70 103 264 222 92 12 7 53 283 256 308 178 158 142 73 218 136 4
270 31 143 314 22 66 238 165 207 213 193 199 73 294 155 3 114 182
285 59 136 266 150 302 270 164 80 4 193 110 300 96 241 87 23 138
14 9
22 36 94 76 121 63 24 96 26
37 84 126 82 75 53 74 61 125
118 22 51 106 124 82 16 119 43
125 19 93 25 100 89 8 12 17
30 29 82 33 28 68 69 32 71
13 49 77 46 81 109 63 60 57
118 108 50 76 56 49 88 117 47
114 53 91 90 47 34 47 26 44
14 35 5 45 47 73 78 109 35
74 108 18 107 121 23 7 111 60
57 19 104 60 25 83 32 73 11
80 26 91 109 100 102 126 115 125
83 98 126 68 55 76 3 31 21
91 99 13 66 91 109 31 101 100
15 15
138 211 142 62 90 63 39 58 127 116 172 70 97 196 57
20 136 185 196 184 87 39 212 198 74 134 222 104 105 153
200 118 45 48 52 124 20 94 143 11 134 25 16 90 142
80 18 104 204 212 25 203 83 217 116 4 130 26 164 210
170 140 87 58 207 155 184 213 221 216 86 108 80 204 144
187 13 65 123 136 151 182 129 92 41 18 140 185 98 183
115 137 52 188 204 204 62 82 103 169 15 86 194 223 167
22 123 169 44 192 183 126 152 30 9 143 135 24 220 102
145 141 66 83 114 167 215 121 122 100 119 85 38 140 45
169 160 123 79 116 113 111 141 199 128 167 210 80 217 89
185 3 155 222 105 197 117 88 107 77 137 6 66 203 23
175 133 67 39 70 214 69 103 186 115 57 212 94 37 180
151 99 139 92 197 177 94 117 119 215 181 115 11 121 172
186 133 85 61 161 38 130 179 18 151 154 19 110 25 136
211 28 137 181 51 145 140 86 178 12 25 102 151 163 189
18 10
136 68 153 150 156 19 127 164 35 165
61 73 131 42 45 104 142 26 8 166
163 136 143 7 102 121 23 88 58 58
147 94 126 44 62 81 59 24 178 162
46 71 85 155 57 172 2 68 41 24
128 51 80 120 168 137 168 117 88 60
145 63 25 150 111 5 49 41 99 167
90 105 172 103 156 86 42 60 38 166
93 6 169 171 28 176 60 134 4 146
7 128 144 72 79 139 2 39 176 125
41 29 79 118 79 137 164 96 53 111
75 122 45 122 110 53 159 23 23 87
130 148 176 80 83 138 170 124 56 39
170 170 47 92 26 167 96 98 23 43
101 170 148 57 18 67 41 50 66 119
66 47 73 22 147 80 142 90 133 1
80 121 174 157 167 157 82 154 14 50
171 136 152 19 34 78 71 147 36 98
15 17
163 33 56 57 101 10 55 100 198 147 35 97 16 245 72 195 201
205 88 170 4 42 94 215 13 117 102 35 254 63 185 43 227 255
75 213 107 15 208 41 177 136 168 136 206 146 29 137 2 154 29
227 173 42 82 63 84 37 83 186 155 35 93 223 68 129 118 210
86 124 35 191 192 26 186 170 243 19 254 147 105 67 4 65 190
226 80 197 183 65 128 94 72 46 191 118 157 40 39 249 156 195
126 160 55 211 43 109 17 45 226 204 87 119 70 140 28 197 158
239 35 39 186 73 24 205 188 142 39 122 249 74 250 163 59 188
194 29 154 112 228 79 184 176 136 88 176 174 44 116 174 158 172
58 146 114 230 62 170 140 216 140 207 79 58 48 16 218 216 112
206 40 165 130 225 226 59 204 27 42 187 43 230 69 53 201 89
60 206 55 14 197 87 238 58 147 189 232 85 133 174 71 108 180
172 37 45 190 116 216 214 232 199 219 228 222 200 87 41 72 155
140 218 175 34 74 124 140 154 167 105 76 4 4 221 252 69 210
112 255 42 79 218 140 251 57 7 213 96 241 180 32 125 33 6
9 3
8 4 1
26 2 9
12 4 17
13 23 7
7 20 12
8 18 26
11 15 3
19 9 23
23 15 11
11 20
174 95 202 140 191 201 114 125 10 109 94 34 173 90 35 2 179 109 210 70
167 29 65 130 181 6 140 24 31 162 220 156 70 92 21 108 8 135 188 92
206 155 152 131 204 179 119 174 16 10 57 213 192 68 84 159 55 142 115 125
126 78 16 100 161 39 102 6 189 96 112 64 99 11 136 2 187 4 196 31
106 164 63 39 94 157 86 194 111 120 129 147 35 50 64 75 116 35 18 42
142 169 145 104 132 38 134 144 171 191 184 49 126 37 120 145 134 180 87 120
46 85 99 211 111 57 132 54 65 58 124 19 215 131 11 189 193 160 17 77
200 187 46 105 175 53 67 127 24 133 103 105 219 76 164 7 134 3 57 48
14 150 150 114 47 141 218 2 183 88 173 29 218 103 142 90 81 121 148 73
164 68 206 84 98 107 129 16 212 100 13 22 171 91 60 16 51 15 6 164
76 20 100 220 213 134 36 29 208 13 121 190 169 178 4 193 143 199 29 170
16 16
248 219 84 229 136 59 112 145 103 232 58 208 81 32 254 204
154 217 209 240 138 69 36 89 34 172 13 31 53 77 235 18
175 27 131 148 186 170 225 219 18 93 170 193 226 65 175 115
116 218 70 203 15 218 98 78 31 178 126 18 236 28 25 177
137 140 73 235 161 180 150 90 35 121 23 253 114 42 145 48
76 114 182 23 21 1 114 29 31 181 221 157 94 26 146 94
89 98 217 199 256 153 243 244 109 154 85 15 209 60 224 243
241 246 103 11 209 199 241 127 244 75 147 234 114 247 54 53
138 152 159 146 236 167 177 187 171 103 216 234 85 207 119 176
235 35 111 183 241 133 66 72 243 179 141 176 183 171 154 12
121 6 217 2 113 127 25 11 149 139 255 190 196 65 217 237
158 40 59 231 130 252 128 213 98 212 154 247 36 187 225 18
124 250 57 185 231 168 199 212 198 154 144 82 8 21 253 20
71 115 107 19 213 14 68 207 225 166 30 151 230 193 146 124
254 226 20 46 121 11 153 139 210 157 218 67 53 132 76 22
95 213 115 231 203 153 203 221 94 138 194 235 190 173 227 177
5 5
12 8 15 24 7
1 7 9 25 24
1 21 1 21 5
12 2 12 3 9
9 4 16 1 11
4 4
5 1 8 6
4 8 4 4
15 6 3 3
2 15 6 14
18 18
302 138 186 154 93 265 143 121 60 70 293 211 155 32 102 43 99 207
23 267 306 205 252 153 186 254 167 159 169 248 164 209 29 298 244 44
210 61 4 302 89 282 229 178 122 59 262 238 318 72 270 311 39 174
177 74 50 78 293 216 192 81 254 101 97 68 7 258 157 108 217 221
92 292 191 294 194 10 135 84 124 245 147 258 246 3 155 28 254 124
304 265 242 71 99 158 46 21 308 143 5 261 109 110 250 233 251 246
58 40 305 20 145 45 189 44 99 213 283 221 294 106 303 99 106 322
239 48 160 239 311 84 164 52 138 132 18 182 294 267 127 78 51 260
50 162 289 278 222 67 313 289 3 233 283 153 157 163 141 58 252 23
255 183 299 139 242 124 231 253 255 315 153 231 87 298 65 259 293 235
118 178 69 306 147 70 159 36 47 46 195 305 20 170 16 103 221 83
78 118 215 64 299 317 248 76 323 67 40 60 229 131 99 54 182 266
252 291 47 14 31 98 263 297 10 314 198 148 263 134 247 154 322 269
1 285 19 281 181 131 162 97 219 254 91 114 94 190 172 54 304 189
114 152 278 162 205 84 306 151 157 292 3 244 234 198 14 167 210 61
35 69 255 22 294 305 308 238 212 290 289 170 185 16 135 231 168 255
257 129 208 150 94 160 163 319 240 281 124 288 287 52 102 71 7 131
11 35 94 95 283 290 42 110 47 216 176 264 5 261 270 291 171 152
3 3
4 2 6
2 2 3
8 6 7
6 4
16 8 19 21
16 9 19 4
17 15 18 22
1 12 17 12
7 6 4 4
18 15 16 2
16 16
83 108 96 102 64 79 224 64 236 35 66 253 86 95 133 242
241 161 213 222 173 68 102 61 105 117 160 204 91 143 117 122
187 14 161 56 119 78 131 161 37 245 250 146 105 245 77 44
230 226 256 158 88 186 180 247 30 85 18 5 59 184 84 41
26 48 90 18 190 37 98 233 118 71 150 38 6 58 29 131
4 70 18 44 246 27 36 99 243 119 47 254 47 231 178 50
256 179 76 138 97 49 25 82 200 165 84 53 22 194 210 213
145 233 13 218 26 23 37 254 231 204 233 165 22 40 170 121
112 136 102 208 216 75 254 79 86 162 231 85 234 160 124 206
82 167 132 132 203 69 53 161 70 222 160 104 35 189 49 125
208 196 207 247 206 94 195 222 233 252 83 249 101 85 199 151
250 37 121 198 62 190 187 8 64 132 35 242 133 159 8 69
132 196 45 65 43 26 37 110 105 251 173 73 207 255 19 44
155 47 175 117 215 13 45 44 24 7 200 65 1 128 146 61
200 220 172 221 165 76 35 194 72 121 48 148 204 82 175 217
130 226 3 200 235 13 251 215 95 49 36 153 229 206 31 123
5 5
13 18 8 1 10
6 15 14 3 19
20 21 8 9 9
11 20 25 21 22
8 3 20 6 22
14 5
1 61 17 60 66
33 55 45 64 13
3 59 67 64 24
63 1 12 62 12
25 48 18 39 15
58 42 11 8 25
66 59 13 47 23
32 28 6 23 13
19 15 56 3 11
7 55 62 32 25
2 11 15 57 15
20 26 23 39 54
20 24 29 40 45
14 60 21 13 28
6 15
29 84 89 47 46 40 58 48 16 34 87 10 86 26 35
13 35 85 70 17 68 76 52 56 33 2 6 87 52 74
20 46 81 28 3 62 56 38 51 74 17 82 8 18 73
39 28 54 18 73 60 18 76 32 71 1 14 74 52 89
23 48 11 9 51 44 88 16 75 73 41 11 49 88 13
56 11 30 57 38 40 15 43 90 46 89 33 6 53 27
11 11
36 22 3 8 72 87 48 35 11 25 37
120 35 2 69 3 45 42 41 92 113 82
60 113 58 12 31 76 104 39 70 46 2
26 87 5 33 41 97 117 16 92 112 111
23 114 37 97 49 16 46 86 103 34 68
112 52 109 90 81 17 25 12 6 68 7
35 41 41 22 14 49 36 95 37 11 90
49 12 88 89 6 54 44 95 34 88 89
54 55 58 75 3 50 3 112 109 15 40
42 70 44 80 76 103 108 18 40 71 50
89 68 49 105 81 48 97 90 33 20 86
14 14
108 59 13 20 114 134 97 57 139 24 60 59 53 70
80 51 116 135 126 13 141 162 118 84 171 51 132 10
101 55 123 177 101 100 107 77 5 34 127 98 88 119
138 155 160 189 153 129 162 193 102 122 143 137 99 73
183 55 113 74 167 22 117 167 9 35 162 147 196 96
1 24 29 41 9 12 110 139 61 104 101 114 137 164
196 76 106 136 37 36 163 49 37 158 133 105 147 188
97 31 136 62 185 30 97 90 122 89 65 118 190 193
104 64 182 20 128 193 146 101 92 15 12 162 71 8
183 33 104 27 154 164 72 122 77 79 164 7 4 59
134 45 71 166 183 90 122 74 11 70 127 149 17 167
189 21 41 116 155 16 151 177 94 175 158 81 144 37
79 7 156 93 109 107 32 20 167 85 33 193 109 183
185 34 183 112 181 79 126 30 154 143 169 101 164 127
14 15
133 205 138 120 192 134 63 151 156 67 47 202 163 181 104
46 83 40 109 19 32 6 111 137 54 7 144 52 2 132
101 62 111 111 157 197 13 13 40 124 64 150 194 88 10
157 181 51 42 209 4 209 55 107 82 113 11 123 32 25
50 195 96 164 105 54 27 6 97 10 72 89 10 139 24
73 49 107 121 86 138 145 59 174 109 36 47 140 138 204
39 2 102 100 22 34 23 132 20 119 168 1 127 169 58
130 89 56 58 197 106 103 35 171 136 57 105 6 146 150
119 139 161 140 103 89 7 85 174 2 64 118 119 53 4
97 38 64 75 174 113 29 196 129 5 14 183 4 105 101
110 195 168 96 154 161 128 140 84 5 42 33 46 36 202
154 7 57 106 120 141 106 69 104 24 204 74 188 20 168
71 184 79 164 119 152 162 123 81 140 163 116 118 48 71
209 76 32 88 163 116 155 44 172 153 32 40 142 76 76
19 20
147 39 372 193 186 242 313 345 145 260 286 360 200 141 309 147 315 73 273 361
316 343 42 144 287 210 319 297 345 83 320 95 319 262 164 307 311 276 195 120
351 336 274 378 274 91 100 270 343 117 371 228 131 308 376 361 247 119 64 153
304 68 346 340 200 348 130 101 98 313 379 375 110 258 324 48 190 312 4 285
121 285 58 65 271 269 133 264 278 84 286 210 12 198 67 79 49 51 238 334
40 172 243 86 358 92 26 347 59 240 359 33 337 205 329 335 231 322 161 187
75 326 77 310 357 57 151 21 97 285 352 265 176 17 171 104 122 24 171 41
374 7 243 238 99 376 63 198 344 292 160 377 192 138 365 224 24 82 39 109
310 108 13 268 50 112 349 202 364 331 303 175 45 210 20 219 319 364 350 21
77 46 1 352 360 210 130 131 304 92 323 340 50 164 367 338 47 202 27 179
174 245 151 89 260 288 64 293 29 39 174 362 122 349 177 76 346 70 44 133
2 375 311 130 150 319 164 211 162 50 289 228 258 246 309 67 326 277 241 331
225 186 237 236 184 175 311 258 31 236 136 333 117 367 122 282 75 235 251 31
119 169 1 76 290 321 234 162 219 230 319 166 182 340 316 11 14 222 140 38
312 138 340 166 222 357 205 136 27 121 248 66 355 89 97 36 219 39 59 24
32 357 363 229 58 195 292 103 41 378 340 131 139 365 282 18 332 196 16 241
331 353 215 123 178 176 105 47 121 92 95 86 244 340 181 41 151 33 316 156
372 241 55 182 133 217 145 260 311 196 130 181 159 7 76 8 203 93 143 98
92 240 246 373 243 327 365 66 167 171 296 362 268 13 224 166 154 266 117 12
2 4
1 4 4 5
2 4 2 6
16 2
23 6
26 32
23 22
8 11
14 32
8 18
8 30
3 20
30 26
14 12
8 19
12 1
27 3
24 26
32 5
5 22
13 5
31 59 39 58 17
18 9 31 20 16
56 36 15 3 61
61 55 16 43 28
24 26 18 48 60
60 15 39 10 22
62 6 43 37 28
26 6 19 20 34
58 63 17 26 29
47 7 8 11 3
64 43 1 1 16
64 37 43 12 43
8 29 24 24 41
4 19
13 9 36 10 55 31 54 22 16 5 20 25 28 72 1 21 18 28 39
55 65 75 62 57 24 1 65 4 20 12 15 12 58 62 63 55 44 69
65 62 52 59 62 24 44 40 56 12 74 54 30 54 24 52 50 5 17
42 75 76 26 49 27 7 15 55 27 57 6 14 47 32 50 34 74 17
12 5
7 28 2 48 27
49 46 13 6 32
40 58 27 35 60
39 51 3 36 57
43 31 6 42 2
8 54 12 40 36
56 17 10 24 5
49 15 25 1 56
5 50 40 12 26
24 13 60 14 28
41 39 10 29 36
14 22 43 43 32
12 19
112 209 142 46 174 22 214 12 199 156 47 131 143 180 120 188 145 123 224
214 54 141 48 81 120 29 190 114 146 121 17 114 132 128 81 165 73 55
158 176 61 220 94 114 34 94 115 48 219 73 212 216 102 205 178 1 223
115 223 126 114 124 227 132 148 47 183 150 131 46 93 144 155 69 45 4
80 171 29 89 85 101 35 73 16 77 125 95 160 148 228 90 117 224 91
118 134 86 126 21 192 168 217 217 28 219 226 221 67 39 207 157 188 27
127 227 158 89 117 40 139 92 182 44 157 134 15 112 14 173 23 82 1
40 116 75 161 57 65 173 86 143 116 122 151 140 138 181 225 178 112 24
227 110 225 8 227 57 210 73 166 35 145 190 12 174 5 13 225 33 28
160 133 86 116 125 203 30 209 135 190 207 108 102 105 112 164 160 99 113
141 155 175 10 114 56 207 191 136 5 113 178 38 106 164 53 76 205 71
26 160 169 59 153 56 171 192 81 17 205 198 115 10 51 7 144 28 3
18 18
250 64 285 55 90 24 134 79 307 211 8 187 114 168 310 211 268 131
48 104 74 4 26 250 204 52 166 302 308 53 309 224 174 181 263 210
241 52 265 116 41 31 185 307 185 146 113 293 249 317 246 282 284 36
144 147 323 192 219 4 97 38 196 192 316 126 98 233 115 292 76 29
226 92 15 213 3 205 146 80 137 246 258 304 166 249 245 237 60 279
271 43 189 116 191 107 101 148 96 273 319 43 35 97 175 35 130 24
201 132 307 319 275 154 11 52 34 295 219 228 273 99 177 93 222 264
152 100 12 118 157 74 291 225 134 89 103 224 13 30 138 219 226 111
44 276 278 79 174 194 28 61 193 238 74 250 125 199 117 287 149 233
30 148 241 23 205 320 110 219 84 165 204 174 138 219 146 85 138 17
207 122 274 299 41 137 277 308 226 92 37 233 120 265 135 155 58 227
156 282 137 3 256 50 61 122 134 247 40 28 308 142 233 76 111 283
39 251 31 246 77 259 247 277 178 53 167 271 237 71 139 4 79 304
249 282 106 281 164 76 166 162 12 281 279 178 281 108 318 305 295 32
161 236 29 119 322 10 119 300 268 189 266 225 52 80 246 19 167 273
259 169 277 299 73 112 215 282 286 303 254 3 246 185 207 167 34 308
64 156 94 153 97 275 45 202 120 120 188 270 35 277 27 51 307 75
55 150 291 99 217 274 159 252 116 63 303 201 234 156 128 238 212 148
17 9
103 59 145 53 63 118 103 55 70
69 10 53 34 93 2 54 105 5
146 83 148 83 25 42 113 10 80
81 17 77 123 97 4 125 140 76
83 103 145 127 139 1 135 13 25
81 140 89 27 77 106 61 22 100
25 56 48 8 53 38 104 26 30
11 97 45 145 38 106 52 40 14
143 76 35 97 151 9 116 126 82
114 129 83 82 137 115 27 33 16
18 148 75 77 27 135 44 84 34
146 104 60 67 119 138 80 131 10
86 79 42 94 122 40 113 17 64
106 57 143 118 75 66 29 124 79
56 17 81 153 130 78 97 31 65
49 136 89 18 48 111 124 52 17
8 150 100 47 50 119 14 56 150
20 7
126 99 41 85 10 99 129
21 40 74 87 131 29 98
16 102 120 48 30 83 51
76 44 73 37 109 38 20
14 11 18 15 54 108 121
84 18 47 74 110 48 137
48 62 10 39 50 127 2
134 19 84 85 122 27 113
138 77 39 85 38 91 133
98 127 27 28 12 62 133
128 64 46 76 37 26 23
28 31 89 55 72 101 99
128 2 110 46 71 39 50
13 37 58 33 13 97 98
67 95 65 3 36 23 78
15 90 27 44 50 46 134
7 72 104 92 13 3 48
126 104 115 134 104 46 103
125 16 68 135 48 90 64
65 125 106 77 109 52 57
7 7
40 12 14 15 36 22 35
26 28 23 39 20 23 29
49 3 25 3 3 28 13
8 16 44 25 10 49 8
36 20 44 19 22 20 7
26 19 41 32 37 13 4
34 43 44 30 20 25 48
4 4
4 5 3 15
6 4 16 2
6 15 12 7
2 1 10 14
10 7
35 68 57 46 5 58 28
35 59 4 28 70 65 63
52 21 49 12 46 62 12
21 39 27 45 64 70 12
65 50 46 2 31 14 54
45 69 35 15 31 22 58
29 21 54 27 14 57 47
50 2 29 34 46 29 24
18 7 57 20 1 51 59
15 12 9 4 59 21 44
5 5
14 19 10 5 10
25 24 10 1 22
15 9 21 21 12
7 4 17 10 11
23 14 15 4 25
18 18
285 309 109 309 234 234 289 308 161 31 324 256 8 212 321 265 115 269
223 264 99 92 55 308 262 47 208 193 187 48 34 6 99 113 181 257
190 264 214 149 240 28 248 115 131 3 237 175 133 164 280 106 292 253
27 113 266 154 13 253 297 35 5 101 179 109 211 251 166 77 233 71
179 6 163 6 35 313 156 257 193 82 204 253 11 118 303 268 264 179
51 111 300 129 22 265 190 61 147 99 304 219 147 181 33 237 73 32
207 114 255 230 24 217 1 296 134 99 51 58 212 284 122 154 221 267
248 155 296 128 181 197 105 64 199 272 135 33 202 253 227 83 29 168
129 98 189 99 22 289 263 115 89 60 238 10 220 319 223 6 72 320
37 42 166 64 137 103 232 205 238 109 306 131 58 12 198 9 5 166
220 103 208 262 132 303 87 124 74 133 12 264 86 119 130 57 269 182
181 47 1 235 232 112 54 171 75 37 271 158 13 253 242 30 225 52
36 248 40 70 281 223 241 114 216 3 185 21 256 282 220 112 161 181
238 131 174 198 131 4 33 253 204 276 254 241 54 137 265 165 62 70
30 96 152 75 175 150 222 120 301 129 5 281 25 301 318 37 142 12
286 17 27 174 180 160 322 60 236 60 245 300 273 130 158 209 253 224
173 281 265 258 86 306 52 304 264 125 25 185 18 234 124 91 42 212
67 264 260 112 126 226 305 130 129 120 275 300 246 13 182 44 105 309
5 6
14 9 24 14 25 10
3 8 23 20 17 30
20 22 16 30 15 11
1 13 11 15 27 13
21 7 25 26 16 22
9 6
54 40 20 25 16 26
11 13 52 35 34 8
2 39 18 10 31 39
42 30 14 5 3 31
35 10 6 32 5 53
9 4 36 5 32 23
50 40 25 46 18 6
37 14 17 2 19 42
33 10 20 37 20 46
13 7
54 37 87 21 31 72 17
44 48 54 12 14 13 69
17 46 77 4 54 56 91
44 28 19 34 63 66 10
82 91 73 85 66 11 4
58 52 33 29 5 39 10
80 25 33 18 44 29 79
43 29 11 3 27 23 44
35 83 29 47 68 23 78
69 83 58 65 47 77 87
27 84 58 87 20 16 31
22 46 27 41 48 16 51
15 91 66 86 3 46 56